697
90063
45
113
185
188
284
777
782
855
1128
1219
1324
1782
1800
2408
2475
2540
2666
2722
2836
2907
2977
3156
3176
3471
3473
3574
3785
3962
4061
4110
4274
4406
4545
4546
4840
4869
4875
4918
5052
5116
5449
5493
5774
5793
6006
6271
6413
6449
6479
6481
6817
6868
6882
6931
7050
7194
7307
7471
7477
7716
7861
7975
8020
8158
8235
8496
8515
8699
8744
9072
9400
9489
9528
9536
9752
9799
9848
9859
10240
10254
10291
10330
10346
10400
10418
10666
10782
10818
10979
11189
11330
11378
11457
11476
11513
11969
11971
12392
12496
12600
12741
12851
12965
13121
13159
13187
13193
13269
13334
13383
13567
13605
13687
13693
13773
13879
13944
14430
15004
15136
15344
15812
16308
16489
16835
17165
17353
17361
17383
17850
17985
18205
18292
18450
18488
18594
18633
18871
18913
19154
19680
19934
20378
20685
20712
20738
20976
21036
21374
21416
22011
22132
22485
22789
22846
22888
23128
23197
23332
23637
23696
23803
23921
23959
24045
24180
24181
24298
24375
24531
24567
24762
24870
24936
25083
25131
25443
25752
25829
25861
25954
26126
26206
26474
26625
26865
27073
27086
27314
27375
27521
27793
28131
28160
28375
28502
28519
28531
28684
28961
29023
29037
29087
29135
29171
29176
29265
29273
29312
29329
29336
29616
29632
30020
30435
30493
30654
30694
30702
30717
30761
30994
31148
31197
31309
31440
31457
31540
31555
32197
32308
32436
32536
32679
32680
32866
33021
33444
33470
33706
33828
33888
34121
34134
34797
35003
35066
35086
35309
35523
35619
35653
35851
36096
36346
36356
36468
36595
36699
36874
36936
37093
37100
37287
37360
37716
37907
38023
38217
38491
38513
38526
38911
39125
39156
39362
39798
39806
39814
40027
40293
40593
40935
41020
41322
41324
41359
41370
41463
41579
41632
41926
42032
42314
42418
42435
42457
42459
42466
42535
42551
42604
42841
43248
43398
43412
43551
43563
43636
43705
43749
43988
44048
44294
44513
44962
45083
45202
45221
45326
45456
45802
45923
45948
45994
46053
46146
46189
46394
46525
47186
47214
47242
47247
47269
47401
47525
47699
47835
47902
48024
48134
48830
48996
49058
49424
49604
49668
49875
49917
50286
50399
50587
50640
50821
50880
50893
50949
51334
51338
51381
51406
51452
51485
51614
51714
51784
52076
52223
52244
52249
52285
52606
52638
53202
53422
53468
53808
53897
53964
53977
54025
54145
54218
54400
54708
55252
55294
55370
55375
55500
55688
55742
55781
55840
55928
55967
56130
56297
56580
56732
56804
57138
57308
57652
57834
58034
58517
58660
58885
58888
59152
59209
59241
59266
59323
59390
60036
60057
60127
60155
60334
60522
60737
61166
61271
61347
62359
62426
62481
62551
62563
62686
62822
62924
63282
63338
63369
63480
63819
63985
64054
64202
64232
64478
64529
64545
64623
64753
64931
65141
65404
65515
65677
65702
66062
66223
66361
66512
66539
66865
66881
67264
67427
67976
68053
68152
68154
68448
68762
68953
68995
69160
69469
69513
69622
69623
69763
69819
70099
70102
70147
70668
71092
71138
71444
71597
72163
72355
72464
72554
72665
73110
73283
73407
73509
73758
73804
73857
73916
74005
74013
74194
74479
74532
74582
74651
74917
75069
75147
75300
75444
75496
75502
75774
75776
75808
75992
76087
76180
76398
76473
76533
76635
76646
76730
77028
77361
77458
77522
77634
77718
77789
77938
77992
78061
78492
78601
78662
78744
78910
79091
79163
79300
79317
79317
79330
79510
79533
79561
79699
79804
79970
80006
80030
80154
80362
80411
81116
81600
81724
81766
81936
82158
82269
82281
82377
82594
82698
82985
82987
83296
83338
83787
83997
84052
84154
84230
84327
84345
84546
84590
84693
84800
84934
84943
84956
84957
84981
84981
84985
85096
85297
85507
85532
85537
85785
85864
86063
86101
86285
86373
86539
86674
86722
86744
87216
87315
87341
87450
87489
87703
87854
88069
88516
88578
88663
89059
89126
89392
89608
89805
89817
89845
89849
89869
89983
90161
90286
90554
90617
90650
91221
91279
91313
91335
91482
91759
91778
91869
91887
92005
92012
92022
92032
92068
92187
92223
92233
92440
92744
92831
92986
93019
93051
93104
93138
93258
93329
93384
93524
93781
93913
94170
94292
94803
94885
94902
95263
95283
95296
95364
95633
95882
96064
96130
96222
96236
96476
96675
96867
97048
97050
97435
97570
97944
98047
98087
98513
98891
99097
99441
99614
99688
99855
99893
99940