1 1
2 2
3 2
4 1
5 4
6 1
7 4
8 7
9 1
10 4
11 7
12 10
13 13
14 2
15 5
16 8
17 11
18 14
19 17
20 20
21 2
22 5
23 8
24 11
25 14
26 17
27 20
28 23
29 26
30 29
31 1
32 4
33 7
34 10
35 13
36 16
37 19
38 22
39 25
40 28
41 31
42 34
43 37
44 40
45 43
46 46
47 2
48 5
49 8
50 11
51 14
52 17
53 20
54 23
55 26
56 29
57 32
58 35
59 38
60 41
61 44
62 47
63 50
64 53
65 56
66 59
67 62
68 65
69 68
70 1
71 4
72 7
73 10
74 13
75 16
76 19
77 22
78 25
79 28
80 31
81 34
82 37
83 40
84 43
85 46
86 49
87 52
88 55
89 58
90 61
91 64
92 67
93 70
94 73
95 76
96 79
97 82
98 85
99 88
100 91
101 94
102 97
103 100
104 103
105 1
106 4
107 7
108 10
109 13
110 16
111 19
112 22
113 25
114 28
115 31
116 34
117 37
118 40
119 43
120 46
121 49
122 52
123 55
124 58
125 61
126 64
127 67
128 70
129 73
130 76
131 79
132 82
133 85
134 88
135 91
136 94
137 97
138 100
139 103
140 106
141 109
142 112
143 115
144 118
145 121
146 124
147 127
148 130
149 133
150 136
151 139
152 142
153 145
154 148
155 151
156 154
157 157
158 2
159 5
160 8
161 11
162 14
163 17
164 20
165 23
166 26
167 29
168 32
169 35
170 38
171 41
172 44
173 47
174 50
175 53
176 56
177 59
178 62
179 65
180 68
181 71
182 74
183 77
184 80
185 83
186 86
187 89
188 92
189 95
190 98
191 101
192 104
193 107
194 110
195 113
196 116
197 119
198 122
199 125
200 128
