1 1
2 3
3 3
4 7
5 7
6 7
7 7
8 15
9 15
10 15
11 15
12 15
13 15
14 15
15 15
16 31
17 31
18 31
19 31
20 31
21 31
22 31
23 31
24 31
25 31
26 31
27 31
28 31
29 31
30 31
31 31
32 63
33 63
34 63
35 63
36 63
37 63
38 63
39 63
40 63
41 63
42 63
43 63
44 63
45 63
46 63
47 63
48 63
49 63
50 63
51 63
52 63
53 63
54 63
55 63
56 63
57 63
58 63
59 63
60 63
61 63
62 63
63 63
64 127
65 127
66 127
67 127
68 127
69 127
70 127
71 127
72 127
73 127
74 127
75 127
76 127
77 127
78 127
79 127
80 127
81 127
82 127
83 127
84 127
85 127
86 127
87 127
88 127
89 127
90 127
91 127
92 127
93 127
94 127
95 127
96 127
97 127
98 127
99 127
100 127
101 127
102 127
103 127
104 127
105 127
106 127
107 127
108 127
109 127
110 127
111 127
112 127
113 127
114 127
115 127
116 127
117 127
118 127
119 127
120 127
121 127
122 127
123 127
124 127
125 127
126 127
127 127
128 255
129 255
130 255
131 255
132 255
133 255
134 255
135 255
136 255
137 255
138 255
139 255
140 255
141 255
142 255
143 255
144 255
145 255
146 255
147 255
148 255
149 255
150 255
151 255
152 255
153 255
154 255
155 255
156 255
157 255
158 255
159 255
160 255
161 255
162 255
163 255
164 255
165 255
166 255
167 255
168 255
169 255
170 255
171 255
172 255
173 255
174 255
175 255
176 255
177 255
178 255
179 255
180 255
181 255
182 255
183 255
184 255
185 255
186 255
187 255
188 255
189 255
190 255
191 255
192 255
193 255
194 255
195 255
196 255
197 255
198 255
199 255
200 255
201 255
202 255
203 255
204 255
205 255
206 255
207 255
208 255
209 255
210 255
211 255
212 255
213 255
214 255
215 255
216 255
217 255
218 255
219 255
220 255
221 255
222 255
223 255
224 255
225 255
226 255
227 255
228 255
229 255
230 255
231 255
232 255
233 255
234 255
235 255
236 255
237 255
238 255
239 255
240 255
241 255
242 255
243 255
244 255
245 255
246 255
247 255
248 255
249 255
250 255
251 255
252 255
253 255
254 255
255 255
256 511
257 511
258 511
259 511
260 511
261 511
262 511
263 511
264 511
265 511
266 511
267 511
268 511
269 511
270 511
271 511
272 511
273 511
274 511
275 511
276 511
277 511
278 511
279 511
280 511
281 511
282 511
283 511
284 511
285 511
286 511
287 511
288 511
289 511
290 511
291 511
292 511
293 511
294 511
295 511
296 511
297 511
298 511
299 511
300 511
301 511
302 511
303 511
304 511
305 511
306 511
307 511
308 511
309 511
310 511
311 511
312 511
313 511
314 511
315 511
316 511
317 511
318 511
319 511
320 511
321 511
322 511
323 511
324 511
325 511
326 511
327 511
328 511
329 511
330 511
331 511
332 511
333 511
334 511
335 511
336 511
337 511
338 511
339 511
340 511
341 511
342 511
343 511
344 511
345 511
346 511
347 511
348 511
349 511
350 511
351 511
352 511
353 511
354 511
355 511
356 511
357 511
358 511
359 511
360 511
361 511
362 511
363 511
364 511
365 511
366 511
367 511
368 511
369 511
370 511
371 511
372 511
373 511
374 511
375 511
376 511
377 511
378 511
379 511
380 511
381 511
382 511
383 511
384 511
385 511
386 511
387 511
388 511
389 511
390 511
391 511
392 511
393 511
394 511
395 511
396 511
397 511
398 511
399 511
400 511
401 511
402 511
403 511
404 511
405 511
406 511
407 511
408 511
409 511
410 511
411 511
412 511
413 511
414 511
415 511
416 511
417 511
418 511
419 511
420 511
421 511
422 511
423 511
424 511
425 511
426 511
427 511
428 511
429 511
430 511
431 511
432 511
433 511
434 511
435 511
436 511
437 511
438 511
439 511
440 511
441 511
442 511
443 511
444 511
445 511
446 511
447 511
448 511
449 511
450 511
451 511
452 511
453 511
454 511
455 511
456 511
457 511
458 511
459 511
460 511
461 511
462 511
463 511
464 511
465 511
466 511
467 511
468 511
469 511
470 511
471 511
472 511
473 511
474 511
475 511
476 511
477 511
478 511
479 511
480 511
481 511
482 511
483 511
484 511
485 511
486 511
487 511
488 511
489 511
490 511
491 511
492 511
493 511
494 511
495 511
496 511
497 511
498 511
499 511
500 511
501 511
502 511
503 511
504 511
505 511
506 511
507 511
508 511
509 511
510 511
511 511
512 1023
513 1023
514 1023
515 1023
516 1023
517 1023
518 1023
519 1023
520 1023
521 1023
522 1023
523 1023
524 1023
525 1023
526 1023
527 1023
528 1023
529 1023
530 1023
531 1023
532 1023
533 1023
534 1023
535 1023
536 1023
537 1023
538 1023
539 1023
540 1023
541 1023
542 1023
543 1023
544 1023
545 1023
546 1023
547 1023
548 1023
549 1023
550 1023
551 1023
552 1023
553 1023
554 1023
555 1023
556 1023
557 1023
558 1023
559 1023
560 1023
561 1023
562 1023
563 1023
564 1023
565 1023
566 1023
567 1023
568 1023
569 1023
570 1023
571 1023
572 1023
573 1023
574 1023
575 1023
576 1023
577 1023
578 1023
579 1023
580 1023
581 1023
582 1023
583 1023
584 1023
585 1023
586 1023
587 1023
588 1023
589 1023
590 1023
591 1023
592 1023
593 1023
594 1023
595 1023
596 1023
597 1023
598 1023
599 1023
600 1023
601 1023
602 1023
603 1023
604 1023
605 1023
606 1023
607 1023
608 1023
609 1023
610 1023
611 1023
612 1023
613 1023
614 1023
615 1023
616 1023
617 1023
618 1023
619 1023
620 1023
621 1023
622 1023
623 1023
624 1023
625 1023
626 1023
627 1023
628 1023
629 1023
630 1023
631 1023
632 1023
633 1023
634 1023
635 1023
636 1023
637 1023
638 1023
639 1023
640 1023
641 1023
642 1023
643 1023
644 1023
645 1023
646 1023
647 1023
648 1023
649 1023
650 1023
651 1023
652 1023
653 1023
654 1023
655 1023
656 1023
657 1023
658 1023
659 1023
660 1023
661 1023
662 1023
663 1023
664 1023
665 1023
666 1023
667 1023
668 1023
669 1023
670 1023
671 1023
672 1023
673 1023
674 1023
675 1023
676 1023
677 1023
678 1023
679 1023
680 1023
681 1023
682 1023
683 1023
684 1023
685 1023
686 1023
687 1023
688 1023
689 1023
690 1023
691 1023
692 1023
693 1023
694 1023
695 1023
696 1023
697 1023
698 1023
699 1023
700 1023
701 1023
702 1023
703 1023
704 1023
705 1023
706 1023
707 1023
708 1023
709 1023
710 1023
711 1023
712 1023
713 1023
714 1023
715 1023
716 1023
717 1023
718 1023
719 1023
720 1023
721 1023
722 1023
723 1023
724 1023
725 1023
726 1023
727 1023
728 1023
729 1023
730 1023
731 1023
732 1023
733 1023
734 1023
735 1023
736 1023
737 1023
738 1023
739 1023
740 1023
741 1023
742 1023
743 1023
744 1023
745 1023
746 1023
747 1023
748 1023
749 1023
750 1023
751 1023
752 1023
753 1023
754 1023
755 1023
756 1023
757 1023
758 1023
759 1023
760 1023
761 1023
762 1023
763 1023
764 1023
765 1023
766 1023
767 1023
768 1023
769 1023
770 1023
771 1023
772 1023
773 1023
774 1023
775 1023
776 1023
777 1023
778 1023
779 1023
780 1023
781 1023
782 1023
783 1023
784 1023
785 1023
786 1023
787 1023
788 1023
789 1023
790 1023
791 1023
792 1023
793 1023
794 1023
795 1023
796 1023
797 1023
798 1023
799 1023
800 1023
801 1023
802 1023
803 1023
804 1023
805 1023
806 1023
807 1023
808 1023
809 1023
810 1023
811 1023
812 1023
813 1023
814 1023
815 1023
816 1023
817 1023
818 1023
819 1023
820 1023
821 1023
822 1023
823 1023
824 1023
825 1023
826 1023
827 1023
828 1023
829 1023
830 1023
831 1023
832 1023
833 1023
834 1023
835 1023
836 1023
837 1023
838 1023
839 1023
840 1023
841 1023
842 1023
843 1023
844 1023
845 1023
846 1023
847 1023
848 1023
849 1023
850 1023
851 1023
852 1023
853 1023
854 1023
855 1023
856 1023
857 1023
858 1023
859 1023
860 1023
861 1023
862 1023
863 1023
864 1023
865 1023
866 1023
867 1023
868 1023
869 1023
870 1023
871 1023
872 1023
873 1023
874 1023
875 1023
876 1023
877 1023
878 1023
879 1023
880 1023
881 1023
882 1023
883 1023
884 1023
885 1023
886 1023
887 1023
888 1023
889 1023
890 1023
891 1023
892 1023
893 1023
894 1023
895 1023
896 1023
897 1023
898 1023
899 1023
900 1023
901 1023
902 1023
903 1023
904 1023
905 1023
906 1023
907 1023
908 1023
909 1023
910 1023
911 1023
912 1023
913 1023
914 1023
915 1023
916 1023
917 1023
918 1023
919 1023
920 1023
921 1023
922 1023
923 1023
924 1023
925 1023
926 1023
927 1023
928 1023
929 1023
930 1023
931 1023
932 1023
933 1023
934 1023
935 1023
936 1023
937 1023
938 1023
939 1023
940 1023
941 1023
942 1023
943 1023
944 1023
945 1023
946 1023
947 1023
948 1023
949 1023
950 1023
951 1023
952 1023
953 1023
954 1023
955 1023
956 1023
957 1023
958 1023
959 1023
960 1023
961 1023
962 1023
963 1023
964 1023
965 1023
966 1023
967 1023
968 1023
969 1023
970 1023
971 1023
972 1023
973 1023
974 1023
975 1023
976 1023
977 1023
978 1023
979 1023
980 1023
981 1023
982 1023
983 1023
984 1023
985 1023
986 1023
987 1023
988 1023
989 1023
990 1023
991 1023
992 1023
993 1023
994 1023
995 1023
996 1023
997 1023
998 1023
999 1023
1000 1023
