1 1
2 2
3 1
4 4
5 1
6 6
7 4
8 3
9 5
10 2
11 5
12 4
13 12
14 3
15 5
16 4
17 17
18 10
19 19
20 6
21 11
22 14
23 15
24 14
25 11
26 6
27 26
28 17
29 6
30 23
31 8
32 23
33 4
34 17
35 29
36 4
37 14
38 23
39 31
40 38
41 3
42 8
43 12
44 15
45 17
46 18
47 18
48 17
49 15
50 12
51 8
52 3
53 50
54 43
55 35
56 26
57 16
58 5
59 52
60 39
61 25
62 10
63 57
64 40
65 22
66 3
67 50
68 29
69 7
70 54
71 30
72 5
73 52
74 25
75 72
76 43
77 13
78 60
79 28
80 75
81 41
82 6
83 53
84 16
85 63
86 24
87 71
88 30
89 77
90 34
91 81
92 36
93 83
94 36
95 83
96 34
97 81
98 30
99 77
100 24
101 71
102 16
103 63
104 6
105 53
106 100
107 40
108 87
109 25
110 72
111 8
112 55
113 102
114 35
115 82
116 13
117 60
118 107
119 35
120 82
121 8
122 55
123 102
124 25
125 72
126 119
127 39
128 86
129 4
130 51
131 98
132 13
133 60
134 107
135 19
136 66
137 113
138 22
139 69
140 116
141 22
142 69
143 116
144 19
145 66
146 113
147 13
148 60
149 107
150 4
151 51
152 98
153 145
154 38
155 85
156 132
157 22
158 69
159 116
160 3
161 50
162 97
163 144
164 27
165 74
166 121
167 1
168 48
169 95
170 142
171 18
172 65
173 112
174 159
175 31
176 78
177 125
178 172
179 40
180 87
181 134
182 181
183 45
184 92
185 139
186 186
187 46
188 93
189 140
190 187
191 43
192 90
193 137
194 184
195 36
196 83
197 130
198 177
199 25
200 72
201 119
202 166
203 10
204 57
205 104
206 151
207 198
208 37
209 84
210 131
211 178
212 13
213 60
214 107
215 154
216 201
217 31
218 78
219 125
220 172
221 219
222 44
223 91
224 138
225 185
226 6
227 53
228 100
229 147
230 194
231 10
232 57
233 104
234 151
235 198
236 9
237 56
238 103
239 150
240 197
241 3
242 50
243 97
244 144
245 191
246 238
247 38
248 85
249 132
250 179
251 226
252 21
253 68
254 115
255 162
256 209
257 256
258 45
259 92
260 139
261 186
262 233
263 17
264 64
265 111
266 158
267 205
268 252
269 30
270 77
271 124
272 171
273 218
274 265
275 37
276 84
277 131
278 178
279 225
280 272
281 38
282 85
283 132
284 179
285 226
286 273
287 33
288 80
289 127
290 174
291 221
292 268
293 22
294 69
295 116
296 163
297 210
298 257
299 5
300 52
301 99
302 146
303 193
304 240
305 287
306 28
307 75
308 122
309 169
310 216
311 263
312 310
313 44
314 91
315 138
316 185
317 232
318 279
319 7
320 54
321 101
322 148
323 195
324 242
325 289
326 10
327 57
328 104
329 151
330 198
331 245
332 292
333 6
334 53
335 100
336 147
337 194
338 241
339 288
340 335
341 41
342 88
343 135
344 182
345 229
346 276
347 323
348 22
349 69
350 116
351 163
352 210
353 257
354 304
355 351
356 42
357 89
358 136
359 183
360 230
361 277
362 324
363 8
364 55
365 102
366 149
367 196
368 243
369 290
370 337
371 13
372 60
373 107
374 154
375 201
376 248
377 295
378 342
379 10
380 57
381 104
382 151
383 198
384 245
385 292
386 339
387 386
388 45
389 92
390 139
391 186
392 233
393 280
394 327
395 374
396 25
397 72
398 119
399 166
400 213
401 260
402 307
403 354
404 401
405 43
406 90
407 137
408 184
409 231
410 278
411 325
412 372
413 6
414 53
415 100
416 147
417 194
418 241
419 288
420 335
421 382
422 7
423 54
424 101
425 148
426 195
427 242
428 289
429 336
430 383
431 430
432 45
433 92
434 139
435 186
436 233
437 280
438 327
439 374
440 421
441 27
442 74
443 121
444 168
445 215
446 262
447 309
448 356
449 403
450 450
451 46
452 93
453 140
454 187
455 234
456 281
457 328
458 375
459 422
460 9
461 56
462 103
463 150
464 197
465 244
466 291
467 338
468 385
469 432
470 9
471 56
472 103
473 150
474 197
475 244
476 291
477 338
478 385
479 432
480 479
481 45
482 92
483 139
484 186
485 233
486 280
487 327
488 374
489 421
490 468
491 24
492 71
493 118
494 165
495 212
496 259
497 306
498 353
499 400
500 447
501 494
502 39
503 86
504 133
505 180
506 227
507 274
508 321
509 368
510 415
511 462
512 509
513 43
514 90
515 137
516 184
517 231
518 278
519 325
520 372
521 419
522 466
523 513
524 36
525 83
526 130
527 177
528 224
529 271
530 318
531 365
532 412
533 459
534 506
535 18
536 65
537 112
538 159
539 206
540 253
541 300
542 347
543 394
544 441
545 488
546 535
547 35
548 82
549 129
550 176
551 223
552 270
553 317
554 364
555 411
556 458
557 505
558 552
559 40
560 87
561 134
562 181
563 228
564 275
565 322
566 369
567 416
568 463
569 510
570 557
571 33
572 80
573 127
574 174
575 221
576 268
577 315
578 362
579 409
580 456
581 503
582 550
583 14
584 61
585 108
586 155
587 202
588 249
589 296
590 343
591 390
592 437
593 484
594 531
595 578
596 29
597 76
598 123
599 170
600 217
601 264
602 311
603 358
604 405
605 452
606 499
607 546
608 593
609 31
610 78
611 125
612 172
613 219
614 266
615 313
616 360
617 407
618 454
619 501
620 548
621 595
622 20
623 67
624 114
625 161
626 208
627 255
628 302
629 349
630 396
631 443
632 490
633 537
634 584
635 631
636 42
637 89
638 136
639 183
640 230
641 277
642 324
643 371
644 418
645 465
646 512
647 559
648 606
649 4
650 51
651 98
652 145
653 192
654 239
655 286
656 333
657 380
658 427
659 474
660 521
661 568
662 615
663 662
664 45
665 92
666 139
667 186
668 233
669 280
670 327
671 374
672 421
673 468
674 515
675 562
676 609
677 656
678 25
679 72
680 119
681 166
682 213
683 260
684 307
685 354
686 401
687 448
688 495
689 542
690 589
691 636
692 683
693 37
694 84
695 131
696 178
697 225
698 272
699 319
700 366
701 413
702 460
703 507
704 554
705 601
706 648
707 695
708 34
709 81
710 128
711 175
712 222
713 269
714 316
715 363
716 410
717 457
718 504
719 551
720 598
721 645
722 692
723 16
724 63
725 110
726 157
727 204
728 251
729 298
730 345
731 392
732 439
733 486
734 533
735 580
736 627
737 674
738 721
739 29
740 76
741 123
742 170
743 217
744 264
745 311
746 358
747 405
748 452
749 499
750 546
751 593
752 640
753 687
754 734
755 26
756 73
757 120
758 167
759 214
760 261
761 308
762 355
763 402
764 449
765 496
766 543
767 590
768 637
769 684
770 731
771 7
772 54
773 101
774 148
775 195
776 242
777 289
778 336
779 383
780 430
781 477
782 524
783 571
784 618
785 665
786 712
787 759
788 18
789 65
790 112
791 159
792 206
793 253
794 300
795 347
796 394
797 441
798 488
799 535
800 582
801 629
802 676
803 723
804 770
805 12
806 59
807 106
808 153
809 200
810 247
811 294
812 341
813 388
814 435
815 482
816 529
817 576
818 623
819 670
820 717
821 764
822 811
823 35
824 82
825 129
826 176
827 223
828 270
829 317
830 364
831 411
832 458
833 505
834 552
835 599
836 646
837 693
838 740
839 787
840 834
841 40
842 87
843 134
844 181
845 228
846 275
847 322
848 369
849 416
850 463
851 510
852 557
853 604
854 651
855 698
856 745
857 792
858 839
859 27
860 74
861 121
862 168
863 215
864 262
865 309
866 356
867 403
868 450
869 497
870 544
871 591
872 638
873 685
874 732
875 779
876 826
877 873
878 42
879 89
880 136
881 183
882 230
883 277
884 324
885 371
886 418
887 465
888 512
889 559
890 606
891 653
892 700
893 747
894 794
895 841
896 888
897 38
898 85
899 132
900 179
901 226
902 273
903 320
904 367
905 414
906 461
907 508
908 555
909 602
910 649
911 696
912 743
913 790
914 837
915 884
916 15
917 62
918 109
919 156
920 203
921 250
922 297
923 344
924 391
925 438
926 485
927 532
928 579
929 626
930 673
931 720
932 767
933 814
934 861
935 908
936 19
937 66
938 113
939 160
940 207
941 254
942 301
943 348
944 395
945 442
946 489
947 536
948 583
949 630
950 677
951 724
952 771
953 818
954 865
955 912
956 3
957 50
958 97
959 144
960 191
961 238
962 285
963 332
964 379
965 426
966 473
967 520
968 567
969 614
970 661
971 708
972 755
973 802
974 849
975 896
976 943
977 13
978 60
979 107
980 154
981 201
982 248
983 295
984 342
985 389
986 436
987 483
988 530
989 577
990 624
991 671
992 718
993 765
994 812
995 859
996 906
997 953
998 2
999 49
1000 96
