1 1
2 1
3 2
4 2
5 1
6 5
7 2
8 6
9 1
10 5
11 9
12 1
13 5
14 9
15 13
16 1
17 5
18 9
19 13
20 17
21 21
22 3
23 7
24 11
25 15
26 19
27 23
28 27
29 2
30 6
31 10
32 14
33 18
34 22
35 26
36 30
37 34
38 38
39 3
40 7
41 11
42 15
43 19
44 23
45 27
46 31
47 35
48 39
49 43
50 47
51 51
52 3
53 7
54 11
55 15
56 19
57 23
58 27
59 31
60 35
61 39
62 43
63 47
64 51
65 55
66 59
67 63
68 67
69 2
70 6
71 10
72 14
73 18
74 22
75 26
76 30
77 34
78 38
79 42
80 46
81 50
82 54
83 58
84 62
85 66
86 70
87 74
88 78
89 82
90 86
91 90
92 2
93 6
94 10
95 14
96 18
97 22
98 26
99 30
100 34
101 38
102 42
103 46
104 50
105 54
106 58
107 62
108 66
109 70
110 74
111 78
112 82
113 86
114 90
115 94
116 98
117 102
118 106
119 110
120 114
121 118
122 122
123 3
124 7
125 11
126 15
127 19
128 23
129 27
130 31
131 35
132 39
133 43
134 47
135 51
136 55
137 59
138 63
139 67
140 71
141 75
142 79
143 83
144 87
145 91
146 95
147 99
148 103
149 107
150 111
151 115
152 119
153 123
154 127
155 131
156 135
157 139
158 143
159 147
160 151
161 155
162 159
163 163
164 3
165 7
166 11
167 15
168 19
169 23
170 27
171 31
172 35
173 39
174 43
175 47
176 51
177 55
178 59
179 63
180 67
181 71
182 75
183 79
184 83
185 87
186 91
187 95
188 99
189 103
190 107
191 111
192 115
193 119
194 123
195 127
196 131
197 135
198 139
199 143
200 147
