288430910
8784
898571132
110769501
85535942
699258550
870720581
109095693
716446855
757651153
484471147
566297926
861408850
378342126
358830777
955374682
831741862
287844310
382001996
902190837
753228487
995851631
213789418
937329243
482205530
397429347
580156809
454724293
422710362
601766280
549989128
149378273
267636223
174965110
794010421
162099144
529606568
990978171
914631597
298143981
312646039
565667526
932903565
77980945
135301776
564421744
973682248
364653355
966931690
834354541
150299463
931869851
8928714
636201902
620645222
386760366
158256067
308043458
655466968
185080452
857607591
582875785
713663171
366504450
274026786
219083497
956699977
950493227
850682746
421329775
422327991
689052064
458409144
140430544
180160575
865317719
815625855
620699583
415803775
277348876
405398027
217855513
456984148
40014597
795221520
570498145
127784154
123444187
827365725
724206504
286852400
358451193
509607572
578360894
205694999
255306966
493319118
878245638
25737094
937710075
489511422
100141477
87302885
846066743
908220332
474974328
140298303
331553033
930910945
959934487
451088915
424139112
436497934
794487751
843310927
150462016
331161902
998852989
19067204
393243152
709837526
550183307
419191146
177266085
928339984
209710051
966439183
916639347
219402788
440458749
253288145
646962617
16398540
583757453
802157397
799170655
50634705
130946774
959903817
975930367
650649188
637549288
921670052
183625393
902135203
792707608
977083954
113784150
987975672
503473881
853649033
692472254
541377186
589828599
519627949
503616729
655254477
593812509
680166313
599497356
91014984
839146047
18699629
178186551
281628473
246515684
400276164
795059664
43478430
6554540
592154492
313903887
360811930
175989972
758455054
538052592
319254473
361053866
804316740
960830787
265261691
684177777
721981924
842890313
469696227
399850521
708406560
88652019
168907475
886316650
6575341
797556483
297713905
769453757
839199610
769968170
562603014
383270760
212885764
200599640
664142444
122869657
374006340
213297661
215853942
944108987
871443143
163420395
611408134
117759733
168001631
426001816
198877346
178087304
153426463
739704305
793051554
642269023
133463491
904115404
457755850
882556350
596653962
728416560
223339440
823624252
362697975
927012722
500791305
513038220
940087249
96314637
277716791
495162424
400475264
517570557
842035081
603240028
520437331
459631587
373868720
786773972
973410275
135356794
604539511
903896578
850129477
525724285
998243246
399934391
230416735
441962477
453960702
778655335
629626924
408544179
18028597
211090172
447416960
808046640
782147763
308393909
65878223
617519847
700384480
190666361
650852139
220030127
524961062
862064201
341960230
463627741
348723441
191566928
61525504
784725239
475087045
284814896
793381112
457930195
185387040
94541884
379532466
335730733
327712986
10833051
505909405
335338984
357368502
991179071
292218683
910066550
362518065
875530962
807448496
203625667
707790638
739807516
423094704
180217334
185249379
870576789
383503232
161703478
818828012
42890359
58684419
221274304
921220153
732114381
68549909
927593257
986755902
694269149
999046519
625450340
977740051
945577665
506760140
478840215
730483192
560039435
251847442
942414940
794939534
320200370
986406947
294123938
881932905
494473388
189891741
121571711
111840150
415141297
562893985
157253080
327688880
164443094
675339711
655355337
376398265
663384325
339556305
810116291
851619065
716296656
481434787
337082309
620276005
950827160
942472324
251618088
916530727
346018750
45509296
431706754
389693151
330546063
732183388
847331090
423321231
8621835
977867604
672115539
878363098
7688217
64072588
968555250
115978593
16879572
856971205
959551336
249870765
545103392
284217896
478546214
894575502
115131715
475589562
845194128
677056577
402534126
320306104
455050677
761984420
326600434
645690052
976105989
531931968
926135875
281025376
501895950
157393087
483063654
617716900
754185582
413533463
15703946
7509312
750344641
264225527
294154557
57520499
338882746
27031041
344215877
733358319
863304242
989630160
424576110
906757902
362602296
644839677
692444260
703363276
95994605
417661896
61734598
884691111
444503741
657951530
23234972
489212297
848409991
186104815
460872977
784306193
482287918
286071489
962863495
392711030
34135547
884020425
94177468
216012669
347874556
506575910
290808906
519837196
672493195
486294927
773165550
318650957
759824420
891516473
263961666
27139770
766321091
844962821
363512752
970651463
204455454
356362602
988029201
366814937
309061661
186995590
260386371
449961031
270291563
595789233
561027967
155815362
938422352
735454101
886483647
93560170
94919771
879966049
32490659
338043241
438552055
987454718
213777781
239747079
460668165
220171160
245537219
253451127
665296818
659355407
594091093
75767588
624011739
319836662
287134690
570465278
622040338
256420899
207239408
20483443
145235201
533111312
15188888
859018235
455159506
91603645
714143761
796010816
731641102
784487821
974838739
848512920
372806234
203907221
725227638
865704798
371698299
615877909
310179201
530198703
947160882
178757436
407887191
614531443
538770916
955200220
42449767
911319374
598258163
42615043
862755677
572347716
380121795
44741848
865124316
825549415
411907036
838203481
732707382
91827804
48055831
880895185
679146170
323027754
25635632
449514217
464685501
311293509
674159602
956436741
578450819
608775321
930035915
317897819
675128303
296666247
120256869
950548344
96801188
252289198
805261842
991829882
37036527
96737385
799535284
358924888
355756978
980726682
567058414
285852929
489877400
194462689
584252088
346541160
353753079
647468113
778540535
834448542
655989528
113635623
494703774
271940547
97863857
731948713
366238330
182466016
181626584
539711312
51559987
746496547
794434440
987957871
482998027
616192824
916820798
600178751
121738240
421305573
779266501
113361030
154607684
877852413
440037772
432300892
366751026
863568900
672847140
59199535
292783875
371949762
877199237
632983017
172503200
224105505
739748630
239189076
981592718
247438304
367001661
929811756
670406208
834071621
132763791
284149205
664058358
231425807
738710720
232343960
908095345
334248687
740476082
899334070
482943722
782207426
450178750
562238206
988863296
279069880
172929112
371068742
23878579
610670473
321558756
450865055
336378187
701200681
266691369
643196406
102460864
794688357
66127119
542984123
360468456
222884860
919511354
318168158
99325942
525199237
199556909
898462799
974215173
338286929
897883249
269486320
151280684
394475664
589152929
260032318
440268656
194434755
137454506
699337348
221998832
839698063
668508508
331405072
826660476
787085601
173686652
324436253
108220041
642286244
415487762
539726587
736738136
283983221
337898633
837761031
908935921
468543886
667923020
713622489
880533008
676620147
824563809
489478788
669841049
286154618
18510890
451459263
562527665
964314497
167737696
32482547
311380886
471538569
811994564
797485178
360081110
190570936
167890928
118917547
903556104
96755522
468389992
991172121
769029403
186957822
827265495
810406682
627969931
684793454
166755127
447922551
803721229
795154492
260896084
460595965
437226615
370407639
209427021
111000053
914114077
469052337
595152470
828124307
233927405
472751243
64422102
92550245
132569514
395693024
103395980
85927366
476425635
578403611
160409325
322958536
684634658
927020066
418393023
727144882
498004395
147869843
113761587
995614034
226795924
215747637
427045193
710669143
870916569
416185887
981262152
578273307
906807053
931329367
636946185
925099568
827157382
958601137
439943362
928608903
354035278
798976681
923974964
389308253
21460129
546058505
607331732
116594784
1244190
106303380
327129157
689624028
632527799
809525995
404918970
315984258
582168697
28189003
231678081
108886551
590203197
239795520
331099370
299433088
134998218
709540800
592317114
818657125
985547997
860611757
97336286
235017740
989482205
54115491
439282848
529151561
501690841
236836900
820849756
919548572
354037072
898970089
908510751
190452083
619779310
757254232
397172846
883219384
595988334
629429250
100595028
182705550
983821537
957357458
63085881
26229090
205454651
129891898
781895393
858364656
840219005
738317149
725655383
957507295
814320171
75282336
813251894
827737076
207345483
486886386
565050264
298494638
177234634
883648180
298693907
457738237
720552868
969930993
181357559
805875879
3751827
974731963
468378026
830901266
822924881
465142830
179928367
185955335
993964448
219130689
835235041
71920184
813229157
889610315
613997484
827374327
10922137
905509646
261148147
622840661
926696180
835493071
924153675
612469202
467023708
55770091
90366213
101230012
783713553
197640123
908547017
246966914
674334828
451085100
601079899
60917800
129596096
111229774
941897961
235712713
576790412
165912087
319855552
76807273
77523788
257252029
30962545
666964846
988865354
615263907
271684227
619914878
738201934
688067498
866372041
49889142
268579423
511201135
218090663
891891291
317106464
233014094
376106413
265606324
582902847
880134261
726952375
775345239
154770998
92252834
507149613
557570197
201249264
334990029
733631069
728412752
747452233
627265029
80403509
133787184
433468932
951770062
568678566
378662340
398920085
160169979
529599861
553148245
833057949
953653355
809542490
180143984
225492719
627721424
392490621
737671625
432919642
513979975
715856696
977489187
105403335
418585589
743295159
996760084
400268823
824865946
800299111
268238823
56248746
387163001
808919847
976079619
809331001
624654731
529426780
252480363
860922767
538879512
414605042
127452598
262649460
330866496
501068842
374560688
339845537
862818226
657002627
195784644
707418563
406122476
718422478
978002156
594076611
732463853
304892242
474429163
695102881
532372268
943845054
177893152
910595077
726182014
924359104
976342207
344255304
822655363
382164969
903534660
711631602
861598397
284853494
366975435
952962635
822255302
665200686
995337488
702465813
605360016
347996253
6101719
100955475
431291693
128993483
651515813
655846311
964974874
572275286
766786753
996183404
90969739
707121051
304850788
193626701
470847135
669894015
503284856
72804767
210417979
736343941
54318852
837954439
107918693
27540176
716493715
371398622
135219603
655889403
959241271
758437936
347871411
299455712
719009822
974862986
970445692
416226287
675630393
730817270
782756231
720504343
843414260
793152417
265074481
154219959
606195402
29027326
528064313
813653411
894216218
64286866
643683919
163835889
953667753
448980157
137110384
68822694
560905734
30110643
912570132
810726694
724184883
467953073
781399676
371213814
875333255
763899064
632596035
239125524
431126700
42668283
374747822
671259403
773464789
803265061
738818518
619607410
755923112
471458045
548984598
586057681
173059060
848829123
36111687
194054735
405258280
678146761
386092774
953490952
945137298
177842045
208517518
218205137
141324671
253334012
218388831
426264252
58705045
546812629
698647153
684657215
294113919
889685878
97533934
165376111
315472488
506639307
900645171
926547349
324781900
875093063
751568710
867857820
271601765
27193487
457195544
387956008
207634934
411487863
914451422
70681944
632831937
833937998
232861171
934291956
296211013
858207849
433599835
760030222
373842142
553101975
131585607
158869600
707615715
250773353
9460999
380474943
554926129
723564203
30295785
981168672
305378300
966553308
660966533
403577860
436544
23580508
366933233
59782619
965091669
741306387
914613431
31371578
20709658
414664184
424536898
689148940
59557682
919045122
869779819
42385652
544645134
865075262
207475498
547176592
937251471
503394285
560826759
618697528
2336979
967610591
230744416
49604232
251421514
874911163
190266730
702438077
401605769
796478494
727497671
961373465
310590847
942888696
28665727
174372417
307738312
361121908
429491259
965623169
638050379
792300445
376184099
595607082
85244421
148662714
440834205
718767803
149096515
510413979
10032946
174646623
746674128
317811911
996961227
829991906
459713549
122449012
9701683
451034085
179081841
611956837
149558609
199416924
349243377
92327901
695770081
716441349
587194218
672182298
491384311
894793813
498763109
774722612
30225660
839615699
136906455
906148127
301992878
455439955
155967966
242343480
369250736
546705905
779692820
784239519
577192187
332025339
658782713
273456301
5711810
821394209
252063579
836505234
885580508
976647973
478790768
501882198
781623361
195883031
804626744
756673658
16622953
857283470
828667228
958841770
527226817
62521112
368618438
892489377
972669706
340633747
635758848
622182083
594805545
983981997
446291273
365663087
140164574
714833885
257318144
353845777
823358956
300093964
91777154
787309690
103565946
915736670
150408129
962069855
566889939
841549642
541291081
361084148
65430221
647947336
478446155
584359877
935377741
62274387
692293607
672012907
347206583
572795965
573704892
761769908
6401293
201589404
65471364
102406202
765146267
111405110
283220976
68039324
711884538
206670554
35990574
713702654
555543232
81902796
162704248
275463350
841644422
994169318
628608076
263572753
205686853
797854177
227575572
281374398
729490008
692939913
229228434
849783610
718449618
356003695
445918087
895308471
887528195
525739775
392049614
413488314
93067627
469107499
648732506
226414185
690716906
804574553
842912140
829194371
810332260
581272562
970265817
593582521
858971577
91202420
362061271
815873459
624371781
464407012
107508186
326760710
930540107
29306219
650638153
427971754
72358941
288964320
485170450
582467901
470010397
92900868
460524140
994575280
34757940
123275250
5341618
576051866
930187189
639350851
296157989
476419196
511065614
111447377
114008557
620623185
950078993
173616081
733209924
714698949
210252649
638218159
798159063
41053809
687974773
496716269
755398993
44001992
737049136
289283945
420471457
17362642
761132982
77117994
562975435
916286985
805389304
854754962
442428981
67815295
67839924
361960834
392915994
111677911
461359332
723580755
554561011
727125563
288116151
267412259
688139880
268060187
581153260
138215276
129808156
310247228
236057969
243337019
186090494
836288991
674395996
739793923
139024307
949885947
210469525
251437408
537279997
499723511
343786986
159010860
643925181
945541836
307517784
92301222
490076479
548087545
948430851
44305759
728801320
856368923
315945058
286843491
323589847
657796044
111926313
287739185
899438313
88799248
956601103
774480305
336678161
150922608
640252842
766120568
54624542
912726029
702026935
427576833
671452128
476431329
759450759
916105771
662631619
589167944
922556575
761313404
99013901
334468585
918599888
79306983
899345186
518469477
262154234
276632394
85584367
540287421
780629477
93641658
229463285
148011252
820263476
726894436
851423017
20679233
765893745
290259835
965712770
888091818
339505322
77759020
759420460
701675430
419049217
820517266
474717071
204356891
757625591
450843194
355932894
982240059
708717016
765069802
830706451
286476015
979719855
794821637
448760840
418787152
664598002
9525696
948430921
544304609
757180868
327667372
889407672
55576942
597814163
968945205
485397484
316769105
399640120
355661256
903171099
382212995
695153818
521373675
338281334
940814439
131332693
29431914
336996642
236384012
3837160
191781842
930961664
294257863
601845827
633484462
116208313
770772090
602047903
826040317
899649091
397502686
902076579
932310223
493701320
121380253
469233629
555122730
900713444
315976697
299290244
964458423
476252562
292466966
598744071
588901774
35745501
209783690
902679750
719388087
128897616
865550536
119888069
110202114
813826208
477275205
165165729
698906601
54823973
855123637
878981015
387166058
557452551
799152055
56365102
106377868
846781644
116401526
364111119
140822349
864562444
700133777
925116579
612153585
871875892
622227006
376079350
165442281
27811559
595951860
5237248
576418391
332342925
523965914
622803543
542040467
922547255
421791354
931937043
483339856
444052796
397406083
899793924
391579107
214261509
702152254
211153643
649909195
97254537
675840967
34483845
344579253
451904942
410514326
673784350
844177859
734200260
546795506
796095687
145120236
27019872
741276300
924059902
917217906
524553799
468625215
775124672
616713289
757786426
968320048
817786737
84755441
716170796
266541957
984983551
788460124
539454255
954839466
709286804
139790750
142496548
825857189
729506611
17743471
974649807
913785737
380917909
544247472
36004413
304397454
538638690
912394933
575784559
768686657
614135964
72034456
586828547
477375107
832364018
188086579
337841422
354920168
695802577
720216220
413792245
318284127
180015304
918240105
653182376
8088340
918510981
373295338
797080786
15033260
40543727
53607744
29412555
956454649
726253532
980599137
41573584
261152330
683710944
868191295
980939935
798419501
821104357
930095030
916221375
440459663
170604374
867625068
69445507
226880610
91780993
416917699
584905539
51167241
476964627
732583368
120082911
751029691
367890147
302999166
737813205
459541182
256549887
676519281
816894252
338928702
667619722
767684340
255203079
389315535
355036574
185308822
355853394
41757229
639138717
508492932
235837371
640611753
931948235
746212383
4530442
627026178
778452736
860834524
34642713
28678687
134780780
535937139
941723629
721716567
535187657
412931495
321320825
942255784
991501556
46331194
274391679
419575549
343679021
440420263
53864209
823279630
351524941
52139836
202310760
844981843
178735655
848552378
125917323
417711402
756468877
719371784
496396137
711965168
97352908
635744645
202989452
187071715
972070593
274164746
363695457
131370665
853096168
451362768
776518328
142216301
432012323
532188047
417254531
582436132
495864866
142096979
579218182
248921880
701427864
836581380
57043303
142195026
884411830
275439483
549429126
503812767
386272202
13924890
561361275
480834974
868861437
40508311
955163348
81901129
656205701
899686553
524785481
732342857
114144055
576008907
347109606
184625563
520946633
195347866
84423430
365471392
196709212
847061802
506541447
240600212
447108589
832813844
324512087
308523452
583174768
625426187
985666179
150174533
541640324
929240849
467161244
882125493
406336102
729961528
363002674
144236028
887621282
579876923
386520587
989725215
368075357
988759714
376901965
116472324
837592087
696586469
711183707
176754903
17065834
283765714
128778884
824024637
37663004
132188083
961673643
841580711
840999447
500842320
641745761
748879930
504112967
362694844
274194445
897926857
912813874
570572301
460938167
979877167
628331009
378024021
284759867
20888546
522900929
713172097
351609096
428822035
271589043
249285287
465289508
313536795
559649673
456179264
986162979
405678403
884750586
598350954
353848797
307343362
201474547
674314076
826125023
969117713
48464148
940938504
258071934
8302351
26458546
957825684
626808894
472308323
351048759
972804302
372999532
49358843
933589262
605082599
211001932
95567599
211594819
316205041
241964879
168294252
402263405
726503780
238875932
512626602
690601882
71533594
965927109
721203619
643250703
346416150
184427699
46593869
192711273
929347351
401180519
540223040
622439652
706068407
737168182
35214137
60544606
620264710
953186546
957424740
306348014
477883358
320356600
292218036
371299246
378288527
145717692
830698927
485796757
396205171
592421730
316371557
510643531
591292951
62457607
788985000
654153548
848622086
952039324
298377612
919935820
145249254
57522698
267551718
723107465
390675022
609981784
460396368
313439613
178265856
574422158
786518318
253346989
426601632
422476923
593841584
471245964
194672427
838635597
242151416
55422042
885739855
609241752
151118088
48593886
824563488
306333914
19069902
693420148
387422620
234582033
707196272
235324200
206210604
765637665
122140583
802417270
171078538
873119119
981907055
437214724
263457194
790764070
657753908
779134144
799711992
201343143
704241547
61692029
327874125
931841509
680537065
966644233
168073369
243031806
448872153
856217386
661692981
958267408
162001881
283918348
624525180
406997553
669057010
695118149
233165867
533341719
561232222
118954272
184704506
800834814
309367018
295365243
251677264
318227096
555216425
983705646
937306818
682750974
637909519
409607521
557007524
908698447
394243338
890308434
85850513
340218965
991310413
833324893
58366613
449710408
652848090
349763899
464743193
594271811
994281925
736051771
838230938
924706627
142361563
821230794
701168948
599501183
531822874
540866214
360082019
716762637
565924892
506247845
289218628
440944091
398480190
751385926
276677580
666799503
313440088
47129295
136598603
678274696
534086963
69578971
975240873
145097589
896896912
150490857
717135400
308444434
288520350
630486530
390054565
70336683
116919948
361699173
853494783
979446761
234152702
447099018
475833554
677567679
865544550
170492067
841976536
804118307
318828094
944641334
552147375
74410206
170157855
401537547
586716398
827660744
92770832
854522480
207106561
533422519
346736468
440080311
575195670
903390007
27056930
211009492
840532313
452761076
336333056
642348243
203883662
585759544
976873468
531297723
317592225
554554890
176882732
308667156
904776129
979578918
683286689
43362057
484933538
187487374
284726648
143667591
611320710
270540136
479429091
45445713
86806303
688673572
477321560
243714187
239065510
329539753
422880121
821676847
205006914
10401840
890991916
947561783
472996810
950755811
568228521
999722981
644367974
230646721
2763031
10840017
46852744
660561324
677596031
520554969
387621083
411571052
290805552
345368378
927590655
90540883
827103163
631985411
81437506
583739371
152936145
210915629
251050965
4323856
35982850
28924991
329546481
593595031
262284265
314845631
716981387
423983101
371662791
583820503
214849177
616909316
210033651
211051538
687976165
876890914
633574045
898453327
481910986
731333851
745850414
668643710
696059134
227538419
159748861
635155904
468002524
92614155
934528417
319991992
320980080
343678005
617217943
212114942
326128938
477203775
427706798
685384874
275241712
747751582
50232041
517384770
326607009
554944403
928553387
245970538
113820509
11467903
22314473
701978282
905090554
464164478
444666592
637674845
610433081
827862546
233403466
849611967
816761087
32937097
630734504
994440829
685300418
647083020
551512409
786470431
737195311
774813080
814939360
32586960
946988869
483761945
231926250
597885724
90537083
78629394
366691764
758925533
650465976
693262324
655356948
222133105
234249286
512151736
536539497
641508545
970512026
879472610
896402131
39241255
351366838
53213704
891626468
335112381
698652090
196169907
542098982
703773704
401186516
576630662
349551299
862677723
838811996
203514060
745737648
428194938
937826858
691115834
79691751
807113376
367152179
608892904
229382078
230108987
125817078
277245998
507143464
201689501
796432440
572794751
49379385
849678676
752670314
850404535
315991060
478416990
58055405
22609312
935163651
839226925
794264840
664175574
771890858
629296293
318997465
956148451
886072065
829302781
204777683
502336424
682590626
928409221
228844445
348984495
396549420
386121049
646611936
51167432
736038910
737285245
761157253
314338174
273993985
410673137
93030353
82444336
993527384
362254324
130412571
931530983
648035345
207348377
524376453
749826323
730113191
63020027
146480932
147971792
760400437
925736452
725454985
761257444
216569959
182672554
23543202
735182445
784912299
144979686
219223144
609466071
950848996
556794471
32863821
630952039
530412001
963897058
965906624
361596795
746469606
412905728
376696954
274140154
932753853
235081778
335009874
921314116
75408926
928062044
904354123
22462939
344387709
443617889
820916146
757195029
66345020
711805143
53970991
856709155
798915917
303829470
59329327
877763135
588683913
471098124
365755831
312162112
388682509
419768693
911345217
158256627
849594305
653760602
402029025
336861880
475788739
459814099
504486570
838832626
807952664
808061491
47297774
605239761
809261399
478713988
386243671
489196048
272348157
551901862
577196986
130722373
214126823
469133191
765161611
461287425
301439894
840541934
114102068
206583353
983288574
437693813
546519895
338374922
698666415
615738991
338826851
498493103
413578385
890513093
478755096
233069142
110426896
379772097
465119504
917104687
947372937
45066421
241953787
67383616
202657495
844857521
669948347
38301908
799443848
19370085
367333246
808571994
816541507
635139695
369391208
167060160
686937472
238878303
843401008
610006421
579493228
63569333
975998708
651669349
502786873
111130141
704721573
31825083
278971415
662852901
862397204
865194072
760345994
4075837
309164011
998725630
459583312
601425088
480510635
894730464
438724249
348359939
795449325
80103948
665117814
473612992
163492459
128747337
148639770
770439379
470416579
59238748
730295540
780630978
315103952
636111411
535469732
244929372
846299653
99474078
280010855
86689662
669480734
720576323
989163285
427783271
237323622
269007586
984208569
74892749
893712974
735411716
364070438
22279470
434922251
840316954
89514464
211834495
453382986
666976672
609058096
989780771
78887366
22942396
623737654
27687358
634503670
177416959
412322426
74838030
642515968
911241856
924759934
518454335
365617627
527965884
48457120
790882849
500210585
689352634
683081247
594011482
173066009
782703902
740192601
517123381
375419567
452111965
141193245
356326564
651214108
343882213
459547962
341090676
95504066
934728647
729234921
279916119
101432909
540138469
476427208
204030721
415835690
722399025
121322603
180658235
84261993
560626312
498228217
400389516
256746272
355917381
10351597
823637173
492764548
588360740
961451422
120003448
41793204
701892247
41073061
51557417
350141036
835801856
68626850
485621783
745965473
386453757
148717762
308318427
973103352
232378176
515425723
710449589
308288118
988807949
324258533
906115111
724423825
705491027
846151366
785302699
148552035
312392144
856418027
628103295
184624049
368220629
37165848
590777113
726803749
676798286
108874298
751777286
954240241
336040101
680642683
37333974
800386469
723016733
398270801
951902004
956218734
559281088
53476110
928871569
969130623
476225758
52630662
697817684
331885108
826417217
941710198
977689490
802617242
210977712
743343577
958176966
480973460
967988520
110087372
587917034
119312620
471650288
602339143
928433906
298492786
957672702
789904412
607415165
587574409
602475117
704119412
544926414
872159229
156820486
566880547
280929438
550958553
182119160
574647601
637389884
751581805
618565911
737929917
462150567
87158026
885491428
313181940
39908920
823101942
385402803
967397106
513216613
572717719
784841675
28112575
369768501
71155097
971498003
121477457
528011732
821198927
185453578
107575743
990145894
368283768
918513149
575440640
284094388
657423965
220573402
119771767
181624080
828215494
10155598
243167042
242324944
48477358
296446549
588004887
941943467
332555546
32887322
919143464
280445728
912909231
580556473
291608721
939874425
978659093
135927874
470536689
456272691
803727948
784981523
878367950
69330875
815510963
892949928
179706239
82386964
274535383
412219808
973339900
372290323
436949106
284887971
949916109
812689305
405871665
731283493
961376755
721169619
930284236
687032408
976327169
732217373
545783419
552843976
159038281
294238338
612848556
843094903
60124560
693149918
609982420
192828284
482327435
150986838
369099175
107937150
775518925
514563382
12295538
544524324
209484070
278634666
24613924
224642779
654355267
543365571
968996634
594389514
975369263
757959853
176790179
746876094
545357518
903316209
513254849
223529800
456216723
145722070
897118765
911878479
751059002
45630419
961242267
669824852
6773711
787868080
364384657
193946856
424567302
21398603
293668124
151320583
990616820
17378483
793049500
360901154
605762308
96885010
974439387
147209744
327168767
591585711
778299653
802726982
322440269
390216618
550494459
610318717
411754714
507067677
374030390
878675782
76509216
769564934
404301743
352736776
237365889
783876052
104451513
968169239
170641357
266834689
950395175
127243476
874676283
9899942
271704551
848481410
394513464
335310461
478570043
846586066
80775949
357014962
438418069
510913947
723443872
744942973
572887102
544423732
750525230
908114749
786365978
631942165
552561475
898223572
696362340
107437577
924484183
114127162
296358172
136197036
297088237
318256133
690729656
506700256
902395994
884897973
505033108
398659823
95527930
593231837
409933710
618106369
922881249
42058460
871079654
96896826
157275597
127505587
342847924
888867378
606002074
355409076
352255799
193700833
59758570
616699703
377892646
722462327
911888772
307726469
616165846
278360440
527403151
601008420
185592353
894658900
283224476
557728811
708204503
865394135
328232968
279737425
551466168
192555062
164671376
490524100
654769022
890840875
675406977
241665900
263430714
706924833
53763084
714342155
579336543
338687204
234958326
133783789
37005262
740789099
768925573
627716854
598242776
412509763
187452001
642028684
879353436
511108038
9500908
446549544
398036130
475705026
888323833
395340987
961228719
822915509
753722576
494798921
332263066
10820941
117024659
371420418
371049455
439448535
886046194
12923566
103349289
279385136
173877700
612671847
957086519
704840827
690012309
199048367
242301142
290810078
810342457
621979770
535357081
441983042
212982220
18031272
589101815
882491601
651712098
783555730
483839216
75801720
413375627
415986809
803447745
305977364
670546237
564237227
441430949
89344908
703841620
726194001
875635552
869402064
413733027
862132361
519544207
482595380
364038633
315710437
400771049
765796294
861791832
90609526
970194372
410648582
5681345
955765229
491265766
101357955
695217629
25754690
618952395
464967183
262191749
266193971
428997910
626660089
377851762
984995495
633146621
253497142
924659138
938222938
834403966
930191476
647466582
456698872
713814163
142075777
690002287
998537460
108972261
916215258
351623533
737454534
476609511
287408111
480596814
929958254
978760701
768180679
168726706
950343542
155649607
427273364
813541679
71836570
700236687
454661954
290690431
364380107
519063744
997799533
915435204
779525289
895128230
179546771
472664464
561132052
988922427
366836869
603508016
422542046
912215727
705760326
84466290
574086634
906616215
108808671
578012920
554956041
414018138
130441267
524729179
389780077
291418969
64286294
59822635
167949914
659187417
552508546
248830715
868371629
989614254
184417247
779530497
527908890
351018916
541933145
565982863
780759303
304303659
563975763
394051744
465447757
684937008
726534856
450276142
594216543
859063769
112815503
607666210
246681627
441505530
740483345
611416109
13091339
757643470
421536169
413599903
265418992
199711606
463191101
440645535
806352361
22849048
887178177
482277137
494830955
262025629
748588879
411538837
377620132
915897212
554239084
466836987
850321687
569848434
147360231
735414665
384858663
875459222
480451164
975541758
269346825
830494202
823092957
132775895
480862786
239339842
814991391
511357901
364308949
357250084
685292068
469069828
317853264
34907228
300505470
77421463
59265772
851678458
140221106
708059243
908792674
589678360
693551702
924690903
24018625
804413543
699940434
394354792
466255297
415023494
401372719
960883555
289352554
614713295
690526003
243848614
297058709
830823024
306463933
816214639
689427049
712688158
922522307
90726675
902535654
324802675
263487486
974673079
464901429
935968765
587740155
383627292
965564490
90910347
992452445
709379111
87914974
108055181
390807536
750381403
400970277
313477196
333091516
726855700
213359164
444749768
998373897
863608543
8629575
857614773
532608021
809130694
726356683
496468373
121244
395327359
414279471
241165237
70775160
584626154
498311157
420440970
959138632
730586845
813747526
166133419
384187049
570158137
36238828
913310778
853781902
592901475
3729784
360046759
870105244
526379026
687487009
943494826
871514208
874978498
18994992
470024599
559030447
555928591
727269498
296158551
525005416
709719696
442049283
997686352
299311406
409316178
128848072
743321509
396621542
843256269
257695622
848405383
241975452
377472117
307547937
670849188
341317038
974869158
77348459
256696130
396007042
212221298
640723667
768867116
576700660
348495980
991934878
310029336
572482276
577210230
514673720
404824519
590261596
797012612
920736351
671395664
316507384
923568079
388877726
580025326
99320226
528253909
958378899
894258733
41279877
388390927
62695601
858240939
572423720
464634020
993925044
990184372
706430563
411154970
660704705
927585608
847181508
115334771
539166012
385872958
266801900
259404126
456677746
208527827
901733111
269080050
621646263
975053094
731892685
483375012
881943851
717844061
700667176
418178557
87196822
660545805
517433982
662648900
514264274
572271126
743669853
439609335
310348861
434054532
373850848
13824230
513742904
994709648
972694612
374620899
540343363
571414048
584325771
34025901
990440006
297056443
16639314
929788591
644982550
97160483
53751533
687802083
967980139
708723497
614143686
784745402
121014291
436085956
463735283
55273736
293158438
403382386
715277985
22990460
816065988
681710538
782303147
422839922
12959899
282620237
767381118
556172050
843577176
509546965
152692991
914302385
348650580
220456678
783162731
908264965
458475820
569994684
433491801
908370849
267647066
816009713
120964451
514930773
322816834
76374443
683417057
823234335
830849430
503706030
850476189
254865758
830518295
948475750
936674425
208739042
475640837
454911137
336858504
352614329
262442440
334824987
610895811
942742107
399820769
647542972
246017090
452424287
890308393
742823689
121547450
179569968
207687295
598760174
873843298
358727028
318397570
418066636
487801664
394338597
696025672
43486897
786133731
156128395
246015542
537727022
214961016
749713185
780620874
58521446
602163028
175394326
632281829
75106523
198106799
841631329
358938949
10762288
986129151
523401803
297697322
447813688
895464255
774874627
18378273
322278263
831744434
892496600
696817472
593977747
593328488
146613467
118115414
436564613
864714678
681723353
656791136
735526072
492198070
715575726
964617561
398383550
997270460
783784799
393481240
960579643
814664677
65843610
757545813
166155142
89510866
985442738
261875104
957742971
295091707
123045834
648877937
937065962
457203771
564313524
173831576
816478706
563815404
154784151
691136642
594268565
147582597
317900121
936347681
560794483
656447284
694507525
572721640
753496074
970855164
742374444
300612237
855335759
301065911
575479736
83564538
626094157
518647359
801736788
583816851
203113250
958529235
487320103
340062030
581011521
314790595
56134557
682132136
320638624
822942972
41511012
459295249
632210956
358384677
641076534
437161900
252887149
823308246
971795016
52013508
623425431
115694970
516492554
926588410
989341084
312978160
338405920
277192481
476896382
975714908
737254731
403831637
595206017
803753824
278096681
886514315
797145267
476736716
743237799
21180223
270839029
106435047
541659539
332607686
536182685
135222275
544942739
660561928
241173579
351214287
720740190
746568557
348952402
197247790
803620248
873242223
554991752
134155901
657340424
684919742
662972821
736494163
365642364
648641033
354473612
791066603
57449513
26460161
307454774
290830947
381776517
372083944
995808717
705266263
912458358
716786543
590609731
910434788
816575584
869825747
867540001
477549003
750730249
257946632
450642538
499675026
320631614
609261250
150251569
970793569
454929214
88693052
124602690
830204003
68068759
377600888
586636823
259530238
576823845
499343220
684137104
836043242
147550508
196025434
315008698
683433995
619711337
251806204
250851510
57385910
764801966
598669273
699324096
287168065
323771135
219405605
950426498
261287635
679212982
569053698
313001720
74719897
635082243
984186397
993556528
333988741
198595065
868631319
10656092
843626356
905078695
165739845
967018048
790225767
477836768
916927659
673438704
783805014
542149340
290571723
472191767
725030251
360909220
655654893
56236024
109942728
668498179
315656865
137928072
2979398
845865024
164881093
567067709
957151610
107971882
985866987
18351613
3971270
983080363
104956271
388457420
360907931
968732928
88794508
312115843
330323395
31297560
964389198
415752021
845800635
210889872
555995656
699260969
375304111
180135993
926469924
361370015
82458941
461281066
73282749
689227789
408599032
591215212
10498479
400428749
745786214
648824766
851282117
589917470
566047014
291009438
170840160
631042528
258191733
378949549
66648170
389854990
433600150
59229763
412598774
752175683
210227302
343940055
971375846
966038554
215600939
262761448
967371175
480643732
259926445
162578355
269855427
698171115
973144054
972944101
828008140
411992804
277279667
561119843
356337877
691253004
875786957
518067514
827727866
101550685
89768284
529508138
403211033
995240550
266547203
943994450
138027619
150291721
561431842
805589546
526485954
15976271
336927683
343165397
954597536
727254489
993026629
865919227
963475785
576005367
557818465
291489750
64729533
385633074
70956585
203672572
356690320
996714974
626905214
144921626
660331095
202298253
582300742
974225788
619852844
821220216
784886089
657540823
197100022
330857350
911578660
977780546
242040581
796109900
137634095
52004827
14414900
663420612
585501741
817274153
177756671
183121933
18234732
973729626
124861076
423189325
455130670
852644663
45562840
336549884
446622159
71357455
626956948
293918076
26899290
359105500
174774027
17729863
970173464
384254850
500150928
919565415
549708475
24053421
62447783
905461152
841316233
913456703
438432707
366134966
202558991
389642369
160886155
701874470
512921087
137248101
175063772
84356361
271720862
320168087
811108835
474117874
59906726
675778658
58212327
798710703
955704829
285626827
307523773
430856609
793323889
581865933
237364577
457394987
635085500
148137576
867880531
843467706
964543458
955232021
844600191
293872080
955511503
644926980
107106480
168011650
809348504
159920372
401471574
299984241
548730850
525067970
172877584
763936490
896940037
828115044
186310470
288162538
111452447
361941366
679190905
901573238
706700294
109797707
33453693
532122643
704958140
209352639
328531593
866411278
324035310
659186286
146778377
439806348
145042993
814418540
963539663
861425375
502398809
247235716
419924123
744664771
480367615
840722479
626361053
127127143
641190139
376623891
335706981
541227141
783900515
269063890
318195972
398094865
940210390
780617330
227742743
504375741
709417442
665359632
738907096
278949953
505094588
984931683
465006790
362630495
397833933
374125300
345678558
632463321
490960538
252543532
162045478
46862063
545023689
577619269
82971121
938536105
512329909
626949662
462481004
272492325
446873199
661269889
343686939
467809877
992814894
548060763
809705760
529378073
200546344
75295702
130116390
478979172
914712012
208946838
956489017
407524078
343086652
116324445
932120611
976175681
352545749
702254147
838013176
848989749
762800890
208160791
255000982
674275737
973177785
715240479
742533073
887152972
934355220
300472672
379993461
818997734
145878203
510272672
484734386
948201325
148094423
402572838
706750903
147159019
717492744
953791731
76412120
92035289
60423611
586336186
961658521
273336778
458452504
882899976
510686615
376573216
187230651
180917847
446190681
167622680
725375279
250358019
39145997
762508004
122789649
638982117
526683309
698352937
104741289
590252072
643984054
472663078
883973034
205178698
985000593
655777338
373984104
699738865
62043125
453686012
697805910
700308475
392616756
971528655
854394591
60254545
33487155
834313587
124894214
105838139
101040658
804838470
259102061
792279491
863711769
959223809
701463217
288487772
191217991
693265571
543463745
186474419
190343350
83452782
110518443
340643627
985697129
99651598
848268380
194180877
465963427
999485357
284885519
686666079
122098147
441388014
367525893
196965889
446294683
267768429
317987184
332071255
442540869
302543107
815352804
77360693
818013054
326731600
918941914
754700893
771925686
544512287
933575272
798788584
692794374
89987949
69356964
831102688
563176274
177575227
45493031
421140881
570175395
458417305
101107908
382568193
790668130
178776628
187417699
131084120
821445837
546860867
774609218
787182613
127351125
662222874
400096653
733743569
755091315
146887747
731820684
948905228
350489722
561802683
74673633
262788591
47085764
190937168
856520872
633321914
955656813
380681193
298234490
697440833
13931688
426799939
849464618
636386008
83408645
842845984
840798703
991564518
606658474
227972722
528650558
574042671
894973074
888329479
538829473
123874020
16214761
934114128
783351001
51007150
874080310
660379920
676067843
48858936
337593401
442095619
419167865
509190137
904086832
37257535
117249666
535490929
484686149
638391645
703548230
8977599
655254938
836407973
560068819
33071176
996470774
653044219
298836570
876356449
942036243
259028902
513828162
482168210
205064737
509216612
285708099
839579189
233669737
89946516
411730748
87971346
617564431
355582541
752196455
193481672
11556478
738094396
228332010
271370875
141197028
143863321
536548962
823397853
655835420
152421817
878373876
85244841
437671261
231809066
803324760
197191945
455964518
85014279
498645233
373477729
487269960
207757287
625288133
483321770
501751504
220408035
554008994
26196123
214741159
922150417
863857981
154429288
291267651
109809584
360970839
118099143
613208957
49817867
790979713
659119180
512261632
453469073
559724576
157588565
569437
225793623
15868605
127737385
860802071
966359850
905187247
26000385
726020102
456665656
658543936
33027277
575370970
586564650
418100241
51904670
720997678
344157463
979058305
172112450
722644511
307745084
272575332
969382732
328364798
864179258
712698965
585309482
408140221
18211799
811096827
381574917
54240195
645500129
463454428
19775164
192962796
446349707
308057591
430403858
8868180
398447897
658034104
104269582
871571340
594825000
157397183
280668549
777743298
764303338
270273366
406134858
457628605
554066738
99162333
409753602
411476711
156428210
161935983
99034221
598263415
861220321
312108140
375561804
861595774
397169749
386670413
419600530
825178887
695490789
622030544
588099586
978190448
949699039
691681256
142708647
554580463
688858255
323807856
626873961
582740702
631569459
46487012
259286680
399748166
89479371
542218956
840008447
733376353
168337074
466715862
101254425
904527873
790235358
441926633
13993680
375000520
994716343
448449642
437837284
825926920
603284819
425457636
881332184
973696247
597060997
343395550
732407391
284705295
104552314
387331159
33336730
28392275
409175255
157335381
90022958
982248054
534987694
625066855
749824519
898886673
326656095
133881969
876778663
197054514
616735476
449724746
885951903
698649208
662010506
220373690
809018146
364138811
340875291
537330774
428071420
181640516
714604630
135331091
669526126
590659162
836927143
940613880
96292460
361825534
676844964
536790265
951143442
48019377
639648853
883008720
444766028
232112403
987614002
329085824
425539233
8858841
817432579
812302205
388105456
495794125
969906685
262194337
203920185
790898814
484122288
465821821
420070579
941928932
297755971
139033908
199496811
149810446
876500962
212242747
94587989
314392434
924072799
563380071
42944435
249454528
295408371
111312965
576767077
454772085
570765023
394017163
167809574
859734471
736196793
763736607
445748188
240843570
226102152
290588760
514664515
745157730
26441334
753715639
271508135
529409462
69378167
801617217
761762042
33896203
582298334
192096050
928419000
980722455
824249596
802301212
726009417
498728656
823302264
188310333
758159993
434789119
167040013
459524185
46872819
295279933
696327082
561007826
700095451
278319463
314080987
230414813
150893382
715987680
682276438
309761520
194912914
832127664
561743989
965787381
75877780
309444648
614956195
772950644
504911690
9324584
559009622
468012182
956949283
560504606
123914847
987600908
432604485
957003410
868145146
590486746
693479652
896047206
789114653
23742351
639460492
77563152
502807338
55074386
956594472
644644286
863136843
639613216
290851063
163379816
956563414
654908500
522647350
29514121
4033014
288632011
317155847
884772618
664403548
212587581
951118411
803540597
802875870
313135607
224157177
380545656
88208973
82604050
45333463
46075439
902797076
136176264
899472624
862658313
256245461
283221242
324396671
608683487
30764946
35166143
231481742
981239017
433945665
125172606
205308078
7546308
761618882
206524728
658102271
220553987
477293289
449019992
941528373
674560413
158507500
977199950
681463348
322688731
909066270
34063087
586298746
722203192
894930046
24973475
852362360
817011138
642616192
756033309
552329851
706708054
482660441
959084498
882487136
679491922
369696757
173783326
764050125
121751436
758458013
498014949
866883819
637533082
141535158
500025204
366624260
171434564
264789259
149372139
903483630
582166140
329900500
158308575
545142101
169734068
818869085
20398623
439698512
974172433
630607516
301018608
571574195
809609110
243789797
986841190
54552764
835119177
426880215
315254368
705104362
671774874
216979544
305475346
153394431
392207687
99730838
937938182
160417192
463090195
119612195
579234807
303730361
460096904
787230316
747325524
827714716
684430366
850309235
544325619
560059037
355599387
904674937
463359780
794569997
895074474
402407185
789319150
952229684
40272654
841721981
247912176
340335233
786597832
205251089
596284036
86379470
65488476
57825809
774284593
574130567
429259165
530591779
605718692
840360608
191413121
262589977
107973220
166770683
972580484
984549566
921887215
753122975
823537281
497774899
377047222
620480601
684479976
964620252
577494860
849484467
213002001
27962303
303486914
163504186
563969434
415199771
145076758
883651127
279063778
853702174
33854562
563231590
595504773
33094164
650116345
247519419
141915131
829593132
562912827
590556754
743705120
51924009
563852240
710167967
893283649
40299962
263696718
722308754
817310858
788244982
561063441
323861908
899724388
351786952
444417569
448963767
627354290
882419717
914191380
204795064
377917577
28261595
15032184
682029943
335287067
87513539
880341983
7455422
704962304
416413332
171093031
826657043
792316332
918346168
318807698
673072376
343121809
15688531
164589175
722357685
608089723
848445250
665209730
794698003
230257712
553820047
646996945
338668954
757594528
743796621
514516404
573796923
219624669
653634
719976120
234842451
129334304
385384503
357703309
747006189
20503439
936173281
825456463
67500241
167730214
67853358
912673304
881718708
766425755
133190880
341951861
192015752
433756960
709642292
537751790
10262507
200690271
731396106
841759307
146305091
855224732
75550295
670186433
590271821
732991241
105140354
164827293
288034662
168236053
509562382
980884406
859383519
95199496
664354514
227453197
80093627
720634601
472330395
695269514
5796520
211316797
467723484
190369817
714449447
813253229
519012639
529414040
451265531
24436144
949492822
336067768
521242927
1943008
119110101
19338369
203266398
519213356
639500337
893147743
544174681
873777892
546385378
406059938
289908823
836915779
77130576
578257803
995257304
176682839
635288770
983594992
83495602
864524451
708721829
735445629
476517845
235652214
813323245
683662343
619078467
39241876
16859366
650550521
66145862
126992791
555922233
830666728
59290207
509280110
503135538
508433017
615904542
485212346
377319278
690622564
826797753
823390010
370475478
379000849
27830175
202415421
665732914
79346611
181562399
343080325
681531133
302140096
965567226
516349429
718175379
353839682
224508259
128150929
310298569
614726878
60812203
387562873
843278386
992559813
492971617
702265374
767953556
345633643
957702691
83790514
677974837
102241440
271726672
331212019
814903355
183240636
853506198
895835243
108376373
556143604
892500808
183178205
999267263
646153769
526901203
255392943
857092833
70240939
804704785
214797454
933360649
876059242
829607342
565505889
802907669
876757859
401154458
514221995
279079831
174535765
421951676
931660720
23469751
467401523
184341777
36283298
829793885
985750080
176980264
287508645
219790856
333315912
169695686
837154229
16492230
467063389
162385229
579381852
41569404
125159939
939886551
213227294
96354079
886421251
577068855
156315576
689216448
990084629
495989906
936824276
973282807
502878544
907135463
861825787
870506199
870451481
53272245
354910228
796607570
354088115
727504115
509840887
33430265
340808675
999734077
734117762
646704948
428664851
858763628
101949491
479892836
981448814
237200626
448549391
802559973
840615811
601689438
257758076
972697186
596741471
129265469
402773512
207366635
689060071
555851763
592736860
794996603
302362099
735924214
597776959
393579859
573112025
393229908
327786403
201641185
938818328
668031036
183966628
400059161
67988382
384437510
386831213
919501983
309324390
848870133
302568255
285342969
943308481
305950380
272931550
453348302
179278999
962721379
954114444
751731657
101740830
265146
553512695
512825873
483855805
835262928
808092983
493905079
362745160
921281121
541711176
278052907
391465173
898174771
134692646
515777068
972011323
69757605
599264710
38952998
38308967
498461894
964869633
294890494
640537386
784045800
376125948
286256162
121953638
132555091
47872117
599565800
936837114
655866749
410422263
462747000
312177687
603431657
182064962
618599632
388545716
904795747
210363644
940938277
66845858
823461639
129692526
78189137
201354413
115659456
934437392
755049719
595130731
188509209
241559052
862684655
925683204
274923835
939999298
706037190
819523780
878874741
922212703
776253580
658869628
419775191
118890494
716782053
217046702
709632272
940888593
413963064
724231356
788163082
296902423
533810428
646086687
20849431
90538730
262860120
815983474
227787424
173924294
65020591
42532153
328704098
753479114
872701485
635645676
673230060
331456412
694782504
942193196
532649777
410135885
873037228
33797902
714180029
206578989
4957442
422036429
895878204
756038907
655180633
110096552
444780095
921608556
737450124
615470957
984172560
764718509
143090883
118554790
412405091
413195442
775808707
820462086
258573289
82022301
96181645
47558482
648533987
434155771
441737960
856901983
119352602
992598148
868806997
589481267
276424641
693642597
34706632
838451319
252812666
58481257
43199161
15697083
674568465
966955860
917960529
443580933
795962047
864773442
835351061
183726519
805927349
713364994
749544236
216056609
15978073
862230023
963213875
484232127
532409874
725850002
675208496
213962488
880398058
355572785
451325579
287517236
540544265
572586263
507176226
649583478
168643354
44246491
732501958
955089355
666302430
582631864
688038517
776256875
272999940
835136302
619118984
773853553
410045746
79336687
786114845
764431022
472128451
2199783
384173806
779068560
179063754
897217229
2404389
507110163
64598339
761191257
405900444
206454742
196291026
102425249
160196601
794004882
300757898
92507080
85421858
683584073
464857189
172560229
172296187
758977850
629836342
887706056
140880343
299317571
249508564
65781317
893715062
603219492
695485035
260162996
970727908
663552051
579102899
698154268
594923286
815616801
893248049
489419822
433021022
856589842
820247923
92587192
145464661
505148321
636408645
430658676
853681875
691319319
772909607
530139712
937342496
203031080
810729803
818397491
750015030
451923108
94185696
643838319
836982756
135591826
878892145
426022582
887919255
604313911
138609461
231628290
775512338
64373492
865690046
97395235
15255206
82949564
557322853
324481435
793412277
397915087
481775797
485710031
315280799
793923139
175117276
203138536
822509918
4003955
479534156
35976906
293624122
823969569
31434699
973276994
648284983
564512541
359350819
977147567
339461075
425403880
449762412
64900926
876138495
480898428
716764803
599175498
558196126
181988971
518470130
387241842
457307602
978692720
800730279
689882866
648413411
321576805
356436512
65012623
744983469
82831823
457241927
84205710
342224779
250428455
119606236
195021969
225248563
570370352
56279284
530399326
600675840
699362139
661104541
108340587
841292667
212808434
678840341
578331772
110776651
130886874
568421973
784076967
83754582
253696105
234558428
921326433
141524171
367835469
296944536
348015538
799455469
935149124
477619211
75275558
12694593
245280971
476062296
631842884
3272784
235778793
800111649
860589224
465177100
940587418
942802980
986665791
365168803
480164554
26585564
616764320
568773030
71813113
757276768
203710872
512283990
107570046
932843095
969314610
804142412
231909062
915768845
629163792
47881432
713673000
528603508
43606054
701701764
15232588
810105779
683452556
81111873
530536581
188800196
904575646
30506578
477771993
36755166
231860955
70583836
6772034
991536210
921523653
567620102
351345138
639520949
735748
602201415
165724533
326785201
768688010
952399518
645641727
979408321
544655931
841603078
592656226
269753465
295091537
903030553
269599936
468326536
630617367
879703291
580482407
380797382
289481904
35529656
553736708
243851022
153147945
566911960
627278523
132988371
38916645
37407937
705447482
734620700
476693169
167605695
455642937
467126408
673165033
936784876
843801824
908665832
355052737
54697650
62082051
935082695
864313195
200817807
299874296
836047316
953489718
524065485
16122696
443577744
264255856
793817999
789757985
542675445
587852359
648739776
351181723
814881782
591679609
829917978
540317324
195906340
417455595
140297298
405582481
404530202
228800706
740100213
131782123
152744719
102866610
935797348
593320712
817228055
497353966
520099298
405044510
984425468
302049799
494950525
374549758
299848586
448830907
507854551
544124123
872121638
677017685
176880665
490622392
266775184
214321365
606418164
500609530
874074132
340930870
833281041
451299151
590932687
321604894
590850348
564534123
7368210
472578298
100298502
750334827
737095682
630739690
10029573
634424066
399277840
900665034
842982890
882039898
409507797
571530162
956073015
799629053
756893090
427638204
646529960
724565698
583548367
744058507
715620266
986697431
567755303
672706718
5443138
587634308
767938974
912745973
786036687
933372317
419075898
939532680
396423726
855524639
383843693
601604970
94669821
852659359
242099466
540970472
890873120
909061870
135785814
894290075
349382534
690456997
286369515
779040926
279648460
516809963
73189213
291152588
438638514
474809319
218650967
118238214
729005515
574647524
784235986
540073827
491169726
911305057
60182242
309140180
177223042
479383715
884684177
440288104
569107273
817899015
349769771
679156753
57611058
186593421
279921022
223120420
243227519
781543200
463841608
305717454
975593185
195046853
615798481
300680053
890979666
189397396
390865533
4089828
80725291
362689959
534373114
92650782
82346683
247736895
116791771
248180078
132450547
939249695
268264946
360751684
502747776
844550594
136014856
598232609
879249368
346347978
132813272
750522794
523929689
300441839
352208714
401867964
27514497
951481073
185898632
101046449
142405874
268896327
67908014
796893795
154596696
724801417
35747441
169293881
524617377
891958305
866596884
215181942
497792135
764456586
539957081
89846955
358457041
213330353
825255902
872885169
466351775
487096601
51502990
724199409
847646188
844243182
748116260
78316541
136604080
894032108
940713232
120706802
139301030
933259112
366339280
936582492
565863875
686697147
123007455
141235766
851835181
867261193
330508539
170598447
911826911
172826826
758217089
287908199
663258519
709881016
782256897
535286605
546500983
549393432
190608634
67312212
729480603
75649448
159336592
932612890
609221440
601458812
107508146
737792576
203164812
953903007
313658574
334173620
905927878
952244915
625098417
323610369
304724176
601016772
135382991
977019754
23279703
549551763
925060292
774758239
572006107
959603905
221975079
333426270
552260884
247062432
222780514
711852562
404747060
193479679
734719732
552107137
288936773
96215313
31402486
800138102
18484568
486806409
593788240
3627953
376065587
815762725
18428043
686402475
815531589
414663198
337230081
24030341
555856235
294240233
49229335
38492314
723706739
726016388
646607952
599957466
467337434
939909482
772206966
415887982
554732026
860905277
366626502
494044860
433987724
748791483
892475270
649390630
549337216
741194081
478597097
206144952
263074021
171522316
842184331
176132618
827912408
629475619
557759969
921754779
729133252
236321637
178271148
730155732
290293148
167114771
81928257
842581430
36244200
776742506
905737604
980008244
470751588
494135328
82917714
178563383
185241567
831517251
551352388
130940448
741785605
254929068
445979149
777481009
758137852
73467816
343232415
318935746
30626914
931456402
880000404
968731192
801344699
227266389
875260020
439294864
307899705
927199966
688071545
334974345
796548769
530757308
256882308
126570063
949562826
84982995
91347713
701401893
63972406
887202994
618038166
977110753
785175064
670975787
365278942
341730095
482899433
554178247
820722272
293752410
171279179
470236329
506012321
237138106
231856098
23001928
220876794
613361839
39239902
674608121
4212994
875299416
811410676
163645803
780671685
300955531
853962358
176601102
680237277
358541473
902515264
57724881
574330827
768187213
815815160
547191646
899607043
871811371
40106011
229005248
175846182
366270125
35469806
676788194
252757030
591249011
848699073
903290969
981256585
96938667
547381902
672299052
389467224
168201830
40243963
406957612
195885993
415908445
119018011
179030108
48485450
424720282
943640808
841975928
155113400
455230926
582400544
145904993
627626759
995266111
16390231
196403710
63417364
147593749
109851821
733517651
294642805
329495613
809901443
951133478
667683334
905618235
195102787
114368414
204753472
649428113
710847511
865319686
133215364
75309440
523585623
192143629
266323401
177966600
800996662
765465848
904625068
56866216
103482536
390768574
461709413
231614074
56951731
402641380
643132636
592528667
535532909
250715551
228309650
540188193
532324604
433698779
531944217
841091301
370586889
883600558
864043040
560128718
451402714
69219492
178493214
829132183
293801488
673883280
664429626
391720580
531350896
835199051
324790211
806912310
489913898
715873447
258900638
232055788
182399219
782740088
689262269
196030588
248822758
234379278
460933912
909808099
396688639
282296429
544070897
351517105
179699021
562937280
495218069
473893218
958430594
559999649
430895195
345613502
932767792
153188806
277656976
742526565
920537572
886950260
7267117
336051115
854253031
351358789
314299172
724824349
952310713
295223883
436060983
724344816
379118744
14373452
134155529
957272237
360306808
698880648
56901754
85757321
267593455
838913342
995257241
968159672
546775762
604351267
332666477
641130587
56831851
202135314
516038776
570526996
875724759
151874615
698823100
152716323
2364652
379524540
113018066
416803864
870432218
449101512
315584644
407162747
186750534
687698927
125057922
216211988
894837802
588778269
834140520
812178335
334861518
35273895
759887448
923974331
216924852
40816917
808276605
974277586
951696212
507508284
334269385
205664970
822642009
219868417
532945210
79496697
838623381
347367712
640679307
785252527
482570055
422582366
689117385
854689651
810693885
847252638
725040645
222765831
636007147
570921981
590876477
645177688
102713270
572817839
285475508
204850420
502487401
984732491
446508179
196251590
704081717
750764092
616012919
834402881
735635855
884067077
409713817
877767742
509045556
38812466
112505147
448193766
422007107
584638389
892195840
795646712
97001857
425505683
514252167
4978257
873606580
29683528
501401024
246940257
170535246
377558969
77859194
979492150
691595064
67645109
200784427
179538931
775667524
313609126
979975342
206099815
546878481
523667311
484942162
592588404
373144456
620043738
878419733
909583089
169813457
801793877
154415097
701540242
503206461
495769964
718129811
157574869
265887398
950644702
67233848
824600239
771635100
390737877
244997760
167228242
501590913
983311135
172384851
503500440
360960171
354148547
668434902
414791434
290738260
495497773
194286149
850554815
12215743
952643636
712409427
835182741
656284116
229867656
717379955
223922063
309166227
489730856
675613679
293654430
24985119
286777697
523550999
305564069
992626256
378665019
473490226
986355409
514145772
730523773
57076323
343018285
284552502
925974925
85401386
536865668
494488610
855965875
885846800
215594506
729173728
39725737
643664351
572295946
152229017
907126523
153895030
674846804
36348277
419338659
554671509
976871414
44683747
212789205
750476040
941453813
4731559
592174019
633524553
329288264
986237459
548186311
759215288
429977079
822076751
420592974
427071552
592668039
877945026
60933656
667655765
753218274
526422820
119939192
695522468
748652286
436809081
416330780
720891425
696141400
496084361
482263589
604448622
957038842
609882823
28496973
860109542
464809903
895243536
14340600
650787799
89068751
586237272
679285343
720287212
842611960
352788204
519367077
560309836
661627095
855308306
711241402
375231394
936083443
738132984
475279923
563551171
449882595
983837767
384388358
651343211
885355883
613878328
240929333
42910269
279373905
634390276
400658331
572557809
10505267
120304700
806790856
247164837
693343394
625755368
683067549
789997588
613462547
443048766
511746774
317778875
358335586
635641710
911080619
829131926
660985779
440487877
767918506
850740127
270013512
595903974
293232722
835423815
35420590
523634058
252839143
124423475
488930628
345829590
735334052
909227277
119992945
572660034
222078723
5630399
856772950
65558686
43246534
76476812
916684042
63102866
780682190
626888667
25064742
758582020
672898416
830809676
680338895
52460080
434313632
53121601
380073551
559410637
629325589
118460259
867525607
730278559
839443550
970828276
423338065
257724571
856094624
161705983
901130764
700290292
902741528
954196098
594970973
670755327
956653704
582426955
47544704
705838390
481787504
68535932
123612881
605113294
466369725
471058158
355523110
570811363
440027911
891296954
748424893
66561658
18055225
678925089
525432043
903756645
777086982
619527002
53400472
786278522
764709998
535601425
433125691
269614258
428970994
857156667
326256559
769267571
884623520
571071616
300037013
986237361
538554517
860567828
436247689
707941288
458802261
729619528
608411687
981139049
925682143
880978552
817277939
50064148
559146057
207026691
735676463
193103254
233850667
939485210
788878036
181305113
873648097
493741209
814230185
180087910
211196269
195779264
441135060
928476588
863304378
446246386
388261840
432916754
600761434
397107074
379177814
590281283
150380133
187375011
131217415
681095651
765745949
288707961
175392511
562521824
788100176
160588280
210680708
880490718
644042955
226093165
490782078
913960660
173394270
617481803
991869199
945570517
412849224
418905959
515699519
802065886
592970196
538141710
847181567
110440680
720058716
953559906
873090232
547400471
163032770
557530108
74872843
621682872
819584747
908672639
778357226
226930480
259297137
118621107
972835976
398337346
673366542
26532568
139905212
953160615
446100486
579399530
653449455
501973656
643899194
225734984
871287586
127850804
836788823
788126421
887809516
176732111
516693563
41952064
644332386
675273773
836689453
849159079
963455192
153545752
254354391
866803986
664718326
193114127
885671304
393902675
93067670
439651785
469789344
944247739
212411673
905230616
821411709
267510801
606729023
739706531
104509802
607437292
340681952
696424579
876957042
101178558
24981206
706429987
497542464
156335991
137569430
173043240
889157890
753540211
198773523
487588765
401350237
186737584
538630588
233163040
44002908
729117706
912274352
986802897
626890017
709436865
509525733
343855882
442383593
3138004
175127015
166212444
603397680
977408479
503858120
336482673
600057068
593034070
641299825
228155651
894212550
894173982
822115426
508743033
311973394
575550347
6292618
247675837
242156556
192955415
910379061
670155733
143267159
849168505
112654220
321037664
395135235
389278008
276076763
246625843
692651855
845384135
642309045
421292409
535936253
406110455
941988567
883824332
188467444
432263434
310350520
236557101
876161284
478687255
828820932
210551571
729064802
476567365
504389199
119018396
315118464
101518875
85302594
606118414
169369869
955876802
96469098
863285148
846152542
395288598
584156546
537535723
233413612
722029389
262943499
474933073
380522890
105146305
244939252
768586172
750748538
259704909
324217144
814651989
476806472
177495971
468825606
869506505
6385810
442701592
354472315
670119930
941188677
478228997
573061798
306326537
362818135
933287813
39268740
286858301
813473475
318136437
254656833
749564306
404572839
77551322
905799252
736547764
846019954
219106055
244865102
312050939
467216443
434542707
487417635
682840262
875585247
985856468
869112079
169798482
679517099
697656882
165262917
146961878
231848966
621071964
423356863
819978768
789831131
219741721
659764431
16550686
855116004
464945811
425102505
884909176
800911749
446256899
977625132
574220037
875562738
486596984
946807768
136430798
597740081
390537359
900896167
367159504
443565877
320750124
855056861
145318437
522437043
31849591
470868019
301368125
12105956
272890331
159380339
683140178
347120435
431365993
187644309
339168948
401977118
584490042
796854094
435633120
191083226
890530275
996856190
693874762
85843852
836844215
753149489
532846810
284602667
767493804
225666824
462738081
172927558
730994292
724167997
425250063
912025098
675667690
210933906
232071935
214987464
58840981
684584592
935906893
669487915
422703707
413070459
676297118
730409591
801877617
205113968
456745114
348866160
677857004
454527916
364307618
61160842
992858093
999445310
489349784
593836709
408208915
549440553
483000872
193129996
636487931
803844940
120998585
463462418
660213964
660343173
92184516
364891629
667460186
273399046
449701738
897916804
609331847
52844038
923924776
308164356
902825473
782329869
688950300
722478096
722121152
757854925
99151578
611404113
565182971
814616344
434668606
495903138
219882172
283411598
886538698
544117230
417058296
57625529
396492509
914218096
586228946
767840566
806346373
6495051
11848069
280903181
66019466
58594060
399310216
587528704
965368194
333280676
584132596
649102239
273568727
582899478
643952028
550970061
657880329
354415983
748931599
82352890
302054717
139345497
628483809
243537789
102039289
519381577
528528090
683145826
485856717
251514102
866098162
831586491
14901227
598813537
741051413
735668045
80364470
687318997
363810734
328871824
836872020
478091391
785880768
394912053
855238641
523858636
796016829
739418908
194840181
246351028
719652903
398807066
289466081
578278151
59381959
671404484
939763684
977104276
608139977
232989436
384967610
120756808
718065374
671506435
202507231
555037655
994245515
923649341
338236432
414405137
767653245
487645585
600617325
15339411
135136814
123583325
476296927
863417059
586423517
970707582
485838480
924259434
541069268
20837782
392218635
655591345
455844382
279896475
429522664
864620406
440830256
819211028
15699986
75317325
233443697
753539645
423024934
795888842
770001777
898895556
740123854
883314677
372600630
687873665
528020500
360098750
436588426
697992780
89346782
118455663
977909449
107712582
235123893
75016888
221714726
428860299
777981257
783790292
577740712
723986192
676423353
888452704
622674906
673962242
138143348
212172363
757792898
772682109
924571658
628068228
712333026
492253076
199930755
988959136
523230399
461317775
819124173
98908387
524051224
587975186
40726578
333238227
913037479
824988194
639159642
246868234
467692878
119556912
807975083
577581375
768582330
77811821
793284568
657119464
151854530
453045970
598667523
479458867
712122684
507337560
730417861
220106713
779065567
16155355
771255678
948427770
713353110
651510137
462144469
505697480
971715355
548226340
430723710
181401853
337929286
399690350
907936273
986596876
553685487
308240367
58911528
16333280
655164297
721433914
817521949
393701736
894607171
91303628
846727815
950254600
905777978
598016361
720650012
995849216
372563113
11909504
400571798
91465831
314841101
445784608
17542565
482464336
41349349
225033857
396801423
545348245
108630683
982280948
274649584
622780875
55118060
727961376
553014181
195785553
850807104
978053096
48456730
612024932
921259953
751857653
771368129
152126613
747934113
506661406
858759174
509223550
881635633
90671158
287832765
978136538
349080871
362655579
984584401
387898885
730113681
333132445
653598164
162804290
848623291
454369604
703006610
949682647
104882128
31377114
690972780
661115799
261255347
939791161
305468098
777759815
242723197
238314115
243163660
253711979
171866813
653448952
436660141
768945321
120814424
77990609
864077195
873132898
438117119
834428141
844482109
212075608
243250107
183212782
766890634
641518943
603591592
593867797
181652403
161339158
451839971
325625370
340619987
97662981
224644814
286589592
27108718
69672274
737368169
414064836
123854667
427106516
302498018
521316270
536191672
637070005
209166152
907562170
405374107
715764037
696734344
884081447
208598031
606070368
56711141
343628424
580381181
58987513
84765975
338363623
664404553
380309502
781951490
118053507
480370607
699468222
110949836
901001978
592419657
587484692
431627654
250955938
817557300
876094745
794213898
223392031
235447796
844417277
278153463
738683710
280707536
413610841
241789789
55423029
10524654
6194501
298419926
989823729
13717797
790933006
904616636
146513255
149924733
630164617
507855624
397656111
352270919
173605624
857343011
908850106
73547631
649702076
295751418
774446224
306043710
739552179
167608400
397446641
909280785
561918258
388344527
410849669
867131456
395060741
37534825
213181171
539240128
389858457
258420306
744118973
973390590
733026500
920041509
721071839
538537153
471753666
259426339
450468050
888424733
49076955
301576314
493835400
629334960
989120414
365522505
395204176
409834366
749790851
829160989
761686459
481681007
831757759
711160320
676610003
897590377
9841263
375016545
871408088
994642643
100611528
835127586
833482404
658611309
398467055
256340708
749225235
779917810
266614719
905582310
606426342
847656669
474744590
740011776
358478764
932000387
830108318
53001921
480432529
798792978
942612817
388747931
998147521
24716147
544474348
90783312
187170907
267057432
311690023
868180236
92000238
331664084
537794247
821024648
2063365
344017589
761073174
406432309
937593835
875519822
108875941
385889464
21131160
670301129
448235584
311351373
699814757
390617506
562103115
239333203
342251550
402081404
572462092
462953309
357998167
122860757
336576785
528047398
769404355
63322747
995600621
979076486
290108090
404985630
622422890
605328092
966027480
556436088
496415335
687027191
8172100
872499197
6039208
699557011
408031999
864961180
941299891
924347565
214264361
800813508
643306291
990286575
327926967
473593692
801307580
961952235
647613616
696028529
717517966
759206511
764783982
141403665
935529881
150101757
836744606
75295908
489839080
993652989
530583908
921067754
196526787
298003659
122896026
295070386
943433737
291150565
708891818
992588834
783369080
545608368
843633240
330075108
235684408
93370103
624051045
668090596
824955228
481556555
315287802
89437302
956373292
531174021
590349206
908683897
262566659
426676633
782241982
701794528
622747476
161028306
956887855
664466286
669343855
69054890
242012844
73250026
683847310
48511126
276934051
220710286
639514414
754955710
183616675
879697555
978573434
945361588
660076047
689295686
650614882
335308704
273026305
199996252
205335128
141419011
453735600
751034677
760145152
287433869
102997544
442615940
229586362
429202022
965323802
177744728
789486610
378254774
622896062
872059750
106016617
879662813
630606654
724698457
771646439
740611131
115729374
959564329
45973833
110885859
715019993
298729478
69720333
915946735
670339603
272261528
930630862
963541287
82965964
103489723
777007889
824103743
559346869
422412123
593199308
558481219
815650960
515036441
824381126
419878441
763373
874924704
239662581
195276485
679739913
19896772
580921035
233851603
86647524
792220674
380717477
734523971
39349122
743081482
143004054
829506134
819631162
865015335
556589554
203359939
835140266
666426585
761785632
284109281
182370413
167236891
861777249
439820301
254519693
259922829
525805786
315852831
874082027
443298135
731975472
282040424
256998620
457528467
107164907
809418233
615215592
204728808
679478895
811269721
164476578
600335661
892790868
263142794
976152000
308042667
973620240
829609514
171366255
109805531
704577195
33808036
836935731
239938714
775405730
453862713
219692796
871294133
44498111
909338058
628818802
381241136
503249333
412537437
148373851
873666327
82943001
673316974
599295651
938325375
569592473
940308473
979954268
505221562
711745085
621009901
328675021
959857808
996070422
699988354
492063185
133482517
751819075
90599234
334354301
500585094
791281467
270265744
110553184
402479672
426581892
562997025
462413016
341320328
106499348
99231764
702674260
423598759
204763208
274598864
475487260
954687520
172072312
205523307
192528124
944416989
358303823
895223764
775176819
481056031
150792333
475626096
882763837
836845946
434171971
298476747
378811774
215214393
504471318
794139078
732813504
402650486
339099629
876803287
588534642
918416846
56234432
386399274
437767426
997550820
482594849
520857802
690464243
297825135
597373051
521927836
602379803
959713409
361757374
420719684
825838746
737880593
905366610
954457646
311080815
65341294
414861636
450457378
222736018
134550698
168628453
266563693
498211054
934952878
836432464
303121003
361502662
351274508
426159860
720004189
104036390
191212479
704121193
331559781
522816023
872203246
254061202
517656085
484750428
593814356
134168086
81711488
569458922
122919830
918148415
123267484
422990917
840300942
571315008
622445687
423570848
417107880
339564885
161532285
418959548
99040174
753481978
983946035
483454728
239148028
899739597
448127937
842607247
238108746
37844013
880512579
144388042
758443733
838142790
969359914
446503819
339360676
606978970
751146467
647626876
781251062
178327368
600992372
353007324
437200856
855559455
472892681
438562369
703590050
301954517
745708899
323306658
112896686
933044979
668958072
746328895
439830991
898923111
76820703
360840584
740602702
637845620
740305530
311849941
556983451
96147998
941106865
572512416
315508529
431573364
439823666
811514741
528295613
33888763
548853103
671555842
451094900
582240931
586640524
290365039
12631976
639780640
690181520
632534512
359009774
460640503
211456721
911946077
235736766
223099516
577127322
243964594
583520956
611437395
523867942
118274636
141182636
6822508
515631030
155809237
800150659
852023152
264793075
904715113
483760906
733571116
116102182
656557859
858853771
143456005
141482167
704829442
129409411
780692376
237736429
782175127
225248425
475165437
906668929
526947588
559455828
989551206
243904042
77654253
415781308
844861510
662774447
409335878
839096036
524678279
117453020
471402427
44652011
533072507
81827098
748672799
835777968
310702980
690065381
723205968
525246236
881384963
674430122
910509141
384729162
773177460
363319616
702766123
830215396
858868955
981092396
837589312
328118471
703702460
908447094
775829067
151391082
559054143
695504724
756502430
16380832
425106452
144632942
695166760
511135552
314473991
36716375
924424262
586640968
983508574
672518357
792052051
682939267
591985787
340774756
269527479
649297305
405206205
154060865
644620027
426450846
254457403
574933753
155654814
765450250
663308552
478137617
684546630
112038786
805220715
841594170
570399047
845052430
916256240
310934414
799936890
67419355
25332297
889306322
507648970
195713
67085711
895990611
186375133
925944311
175745672
473816177
819954610
753094608
929974201
736487223
147399698
888008177
757273656
757408187
789029881
263662212
462361071
483361192
74229482
441815686
979012914
939379169
844641361
234625789
707102790
870145889
244323517
575342636
67815311
157947522
909364534
34305442
435313138
468819128
795938031
122565072
940116443
424907980
607502355
709754049
348427500
794804258
982104546
926386062
711990705
435430804
102797528
652926978
596212001
671034195
955083767
591556798
283517709
167311945
110319459
434439385
586867868
418110469
852196889
784265399
662160990
508210412
440393066
633395259
522377771
880239295
14581941
224773882
920140514
61966961
52969875
951277882
889262926
986005773
681573757
718034870
933636312
622066234
779542433
588929516
951763048
729167752
18542870
565572870
134589757
498339048
291938990
771166994
217978539
827906322
506446803
192477464
320059772
617251075
749254664
713916724
243751401
308713481
18940658
897722940
400613472
877588168
413722645
992552904
890805476
914464459
612693198
253155084
145919408
68793270
161691897
847472680
828151509
115025394
688525483
498290117
299563315
540280445
482268239
223005158
265690909
513855880
214325067
548088017
258856454
832932466
392965791
381862482
285691568
827993837
589256051
341697639
806724347
597373176
300350688
936738826
924979090
23640172
511822255
754119370
383947234
874411911
474319260
37941967
205761927
910594303
605233665
810015970
944560638
960325800
186630135
407578294
871932749
758877313
809629364
682064829
478097150
761146535
517897661
94629145
60068230
882426230
457102876
117414883
542260465
614334633
752893056
727531725
561597049
719839432
40125942
110004166
121968207
606817548
938099234
302318939
538065060
887106914
368265534
116765709
645028696
644631178
305110379
687708007
125272548
251384229
199356819
4041762
675960138
42593490
955984527
83054409
298505944
123241113
184335757
660350270
905318093
129606376
56993368
334876866
714732150
921661012
318719260
202463804
148315438
5125783
109894676
110406915
969212673
111626846
104898214
692157885
605958703
792490986
442202539
841586454
223914619
180969378
92365666
349458100
385434726
322922376
541595667
469113200
361518601
461952442
585676488
961867925
699705898
570796560
5312254
715595392
962284297
587260143
349322979
590459108
432326750
915491229
245583619
979736653
549980272
324400508
514305327
918319095
427930315
89268239
773601248
763129953
487960689
544609292
324651091
936842369
478615217
337160003
396715439
556323120
697349259
252556148
96430090
549421983
196965007
866281426
981691550
563724994
48728610
916531220
254948859
199269572
956472382
363816375
30411356
182149611
318076386
452044334
336800961
976196818
741895199
542291701
564930264
578573956
55744
791307624
649079538
378971200
180337300
216121384
995438598
914783917
264781015
522146239
589339630
365908542
901638770
984479841
413076085
67960654
364392048
496494427
603031804
497593746
194760664
12627622
465121387
395828246
711310542
641525646
847156063
806911837
722839943
585031351
198015194
722367754
191741751
546518682
251542657
399908917
34082600
234409798
58909508
910012182
897971188
390857521
313792790
743750074
292471369
432789352
783621948
250879677
62238601
984907303
531473460
292486938
586313426
571754013
628313254
361229052
166907753
246003572
863980082
71235
113001388
691656136
475605424
549823474
865812877
156629041
409821891
194768238
441411953
671239576
185737207
455872756
838250894
189890415
843310283
91984911
62436444
564711767
941721779
980423780
496441982
794959596
24026018
584567795
393800112
225119171
239892545
740245258
889966387
539916582
4083330
814649453
758812828
595874829
635281830
773481226
607555025
271098333
464883055
581537860
538223903
787831079
406448014
429381767
677578040
395141029
529875649
166653709
465523208
573214884
788800291
450399128
986461236
619323560
328597420
397433550
411228653
716491593
563971195
738163923
47575320
427654500
552657820
579842666
752179038
924037948
304476463
43816701
591519857
813298018
48026452
678071881
266894210
85363303
343793090
944146464
681578440
328553066
48194471
755210549
613189972
857272798
922705194
95049480
339900620
34033089
429216930
764917068
765266316
320786686
335521424
934120874
884611606
66370114
527290884
510721917
915579653
47984563
139544630
571019007
86847343
319117346
403580588
198202187
522867787
453726261
385294960
667890671
960018810
1257417
500847004
649893839
926987255
942008206
287482917
93689507
202089686
964630081
428082123
184728553
208309557
117630451
312958020
839078281
323609745
481130802
698136422
887361408
814019854
805158455
738548461
356033517
495186140
659784096
722314796
805806844
876491553
138296169
140948092
650545439
996622893
132914208
664319922
28138673
98894800
768200019
460239693
248161543
336563062
276399513
892308486
255172003
213210895
999078482
561614703
605511623
139840749
186019925
365084680
311627856
612721335
885385586
173076525
415873249
17953376
272110678
933921919
839690359
112159250
958662759
740733839
231260295
559042116
775609331
359985639
340320530
479123939
23319034
442299605
360134699
548059023
456134505
754633278
866142224
690014596
919296406
899209760
134473505
753247120
957593445
444005273
785331871
662736590
572661120
647642194
716181451
83030678
922865947
772123200
695761138
661459014
415198716
19582959
145347737
884612952
841573031
744409344
654632831
436030149
158686298
416215086
129498245
232163413
277478115
724088506
652819410
575477486
93593549
58935653
676990409
430725197
319649684
752939843
213916482
175477082
543808870
771695805
175976277
579313129
375360417
769646237
104153474
9549843
670998511
626319638
54472640
622529966
630873935
934943265
58479600
702222252
536986288
432324565
346383416
215138341
479591932
370347860
567291941
267439673
961214245
192797377
480306982
479520423
990567931
659493129
208814923
48452669
325598590
816722711
813167091
588253483
378061930
686075227
543425639
411116334
715905676
958423155
530413156
133033848
795831612
228552593
768851858
609813444
309223552
665035427
222881219
855500751
72526188
573133801
764480978
597520244
318881135
145191479
344665161
598479297
117491017
745125586
62856899
235059604
989117079
522943322
79744764
748514880
41141900
442459885
598589614
532951556
788362641
45699956
396801993
607592863
35948763
652278852
596081815
177509684
627492630
407815802
45700349
993216856
116418161
809117138
431963590
10129227
275262804
470434941
383523856
861626348
543980053
336733948
224937345
554456343
775422636
18489448
442405796
45521138
576398012
603583040
952415604
763902610
323670846
456012779
203379393
282556107
101167746
729205744
125938572
872061386
322017030
748878547
184941221
767778767
128564571
703440587
157390483
268812448
31402842
308879132
797536395
523688775
290757823
242697899
911010235
81502882
235249130
897004563
106698780
529354292
158407805
867422521
175883284
278461614
262367631
110316318
822360570
338650936
985980486
830304094
228755252
514405178
57433654
997423618
163960001
956493221
236693023
644530570
582478992
335413002
188866461
418554804
142497566
516140448
402035119
386708917
465661025
370762024
834691722
619584461
420385694
459635457
563426446
435675831
126267060
228332879
426605957
933573306
790320715
936400097
888343301
985514609
744042482
712203754
39119
232511976
752148172
668741337
184672199
660168389
479886034
899172016
558306903
963699097
23248068
419883755
718525074
203563157
915755608
598827051
364010577
203936765
361282179
810573601
951309007
217456812
450152039
348574555
925863147
994267633
419351544
14192240
550922031
41103656
89031732
746680596
816973704
546149293
718837601
229483367
655571514
654899050
903842631
937246370
433678290
487630372
831933957
924340954
817456881
369186346
118319994
789316710
367834817
396154064
886533679
260058241
790321738
743461216
283190367
437962324
921646373
691550148
379658641
53543452
327961145
51364753
706177633
708592677
854086876
893763391
726818568
442994679
477973185
159140089
376311098
889335492
831824
924296624
814963001
425809804
333160830
724050010
864156910
770569428
186566300
294440525
444026241
214663530
643308101
309683697
445745628
758889617
462611300
885831726
758582210
885860140
352988722
968538641
666079791
407712164
685526186
182130348
423655400
733348861
93521278
87343964
649972251
506052807
569771121
111436048
254140786
555239121
71569174
145663032
962191519
234328370
366987359
968578685
302110684
24356158
861132731
930401528
38912876
459973455
162884106
493192679
200390994
356538673
599556784
665852987
993808927
738186685
221335431
770431050
1569497
756540752
251448489
766889852
141279149
801647826
370452188
47639630
478522569
62797909
145090711
32712436
850479278
405756058
446889517
129837392
717461689
230250997
740541561
383579357
729318044
381559993
848051494
484369957
921161066
402918009
999368342
665495486
904041729
802539920
412853582
65649047
272985926
595411420
91697813
322478429
133900203
412159369
771850994
943124054
958953769
166276083
519352729
439962316
878773407
814309192
131765470
769184183
58740964
845096235
780136619
965558730
894821694
193497863
620670949
782070356
169926673
650583099
874658389
518700036
10573277
423106338
869662331
712626420
570679608
560285443
680431267
84244505
463174530
823868611
280027852
132842052
641522468
918726675
15771679
84865971
664233170
174689461
856983698
563160323
368856526
240789980
527522264
627477198
894908559
405059981
787306202
372795304
334101369
117942901
591024419
868935352
986328110
299650622
722876422
20373907
888741436
666244441
708163684
337901111
440333402
159389014
415246689
141248959
674797940
432161791
171535472
918706981
352973113
176941893
19986036
708667400
75233098
394605603
470796040
639847286
930192989
334439087
409388604
195229350
42767010
194577552
623453201
106866127
686485117
297577238
572751773
244387133
435438822
552873597
84329092
482583037
313227919
457661212
481018219
733817020
954480444
923902320
455074722
463903260
646569498
392125512
648267828
292307877
801859691
786302250
797487434
736934077
48077051
345725400
333555224
352112867
539493588
38594853
337687499
562136586
648697825
900104957
628424948
238904328
940566320
307103763
664862253
714319731
833050367
781108587
661931941
543757570
544878750
574579011
137712179
415961197
166753342
705607657
862484551
447945867
206291270
709874295
647664307
408068268
593381502
478173313
660903412
14827723
943410480
275003636
198892955
607428949
895449832
833702710
610044573
631665427
839362491
260252880
233189430
660758435
894123146
730998255
799563368
808498708
82494564
671202712
415994786
237610800
276099279
703509756
444496600
545586722
673644067
240655596
417461392
397156713
171777454
868157461
323668173
102291106
85376734
776237004
358652268
234150335
958440315
890330342
697891895
352323823
930613025
577535702
178829938
297157079
588547968
902229135
514611873
37556328
584946182
762162740
759185647
178980910
842714521
568737018
232607175
606256869
248135139
839524154
438473011
881267390
274067870
313097034
684397811
951130276
123373799
832327461
791696723
641658547
261750604
924776936
910010395
589618840
544399095
478111730
292379033
513525786
713853377
672389031
237492211
168105150
518362996
851910504
966566646
193512738
745407743
592695420
664836983
192270570
819938003
269864337
49309053
605522689
782154483
895287970
287950667
831931596
121431117
718223453
625255010
280407171
225901993
106638205
746846810
841303275
352790578
484986874
499064632
635633324
918388978
976326843
756975924
951931907
702037340
532793489
990638457
360359919
906661485
301365504
625575660
189278957
19187418
637539804
233337326
523543284
1000000000