870 863 1008 871 870
871 863 1009 872 871
872 863 1010 873 872
873 863 1011 874 873
874 863 1012 875 874
875 863 1013 876 875
876 863 1014 877 876
877 863 1015 878 877
878 863 1016 879 878
879 863 1017 880 879
880 863 1018 881 880
881 863 1019 882 881
882 863 1020 883 882
883 863 1021 884 883
884 863 1022 885 884
885 863 1023 886 885
886 863 1024 887 886
887 863 1025 888 887
888 863 1026 889 888
889 863 1027 890 889
890 863 1028 891 890
891 863 1029 892 891
892 863 1030 893 892
893 863 1031 894 893
894 863 1032 895 894
895 863 1033 896 895
896 863 1034 897 896
897 863 1035 898 897
898 863 1036 899 898
899 863 1037 900 899
900 863 1038 901 900
901 863 1039 902 901
902 863 1040 903 902
903 863 1041 904 903
904 863 1042 905 904
905 863 1043 906 905
906 863 1044 907 906
907 863 1045 908 907
908 863 1046 909 908
909 863 1047 910 909
910 863 1048 911 910
911 863 1049 912 911
912 863 1050 913 912
913 863 1051 914 913
914 863 1052 915 914
915 863 1053 916 915
916 863 1054 917 916
917 863 1055 918 917
918 863 1056 919 918
919 863 1057 920 919
920 863 1058 921 920
921 863 1059 922 921
922 863 1060 923 922
923 863 1061 924 923
924 863 1062 925 924
925 863 1063 926 925
926 863 1064 927 926
927 863 1065 928 927
928 863 1066 929 928
929 863 1067 930 929
930 863 1068 931 930
931 863 1069 932 931
932 863 1070 933 932
933 863 1071 934 933
934 863 1072 935 934
935 863 1073 936 935
936 863 1074 937 936
937 863 1075 938 937
938 863 1076 939 938
939 863 1077 940 939
940 863 1078 941 940
941 863 1079 942 941
942 863 1080 943 942
943 863 1081 944 943
944 863 1082 945 944
945 863 1083 946 945
946 863 1084 947 946
947 863 1085 948 947
948 863 1086 949 948
949 863 1087 950 949
950 863 1088 951 950
951 863 1089 952 951
952 863 1090 953 952
953 863 1091 954 953
954 863 1092 955 954
