est1 1000 863 955
est1 1001 864 955
est1 1002 865 955
est1 1003 866 955
est1 1004 867 955
est1 1005 868 955
est1 1006 869 955
est1 1007 870 955
est1 1008 871 955
est1 1009 872 955
est1 1010 873 955
est1 1011 874 955
est1 1012 875 955
est1 1013 876 955
est1 1014 877 955
est1 1015 878 955
est1 1016 879 955
est1 1017 880 955
est1 1018 881 955
est1 1019 882 955
est1 1020 883 955
est1 1021 884 955
est1 1022 885 955
est1 1023 886 955
est1 1024 887 955
est1 1025 888 955
est1 1026 889 955
est1 1027 890 955
est1 1028 891 955
est1 1029 892 955
est1 1030 893 955
est1 1031 894 955
est1 1032 895 955
est1 1033 896 955
est1 1034 897 955
est1 1035 898 955
est1 1036 899 955
est1 1037 900 955
est1 1038 901 955
est1 1039 902 955
est1 1040 903 955
est1 1041 904 955
est1 1042 905 955
est1 1043 906 955
est1 1044 907 955
est1 1045 908 955
est1 1046 909 955
est1 1047 910 955
est1 1048 911 955
est1 1049 912 955
est1 1050 913 955
est1 1051 914 955
est1 1052 915 955
est1 1053 916 955
est1 1054 917 955
est1 1055 918 955
est1 1056 919 955
est1 1057 920 955
est1 1058 921 955
est1 1059 922 955
est1 1060 923 955
est1 1061 924 955
est1 1062 925 955
est1 1063 926 955
est1 1064 927 955
est1 1065 928 955
est1 1066 929 955
est1 1067 930 955
est1 1068 931 955
est1 1069 932 955
est1 1070 933 955
est1 1071 934 955
est1 1072 935 955
est1 1073 936 955
est1 1074 937 955
est1 1075 938 955
est1 1076 939 955
est1 1077 940 955
est1 1078 941 955
est1 1079 942 955
est1 1080 943 955
est1 1081 944 955
est1 1082 945 955
est1 1083 946 955
est1 1084 947 955
est1 1085 948 955
est1 1086 949 955
est1 1087 950 955
est1 1088 951 955
est1 1089 952 955
est1 1090 953 955
est1 1091 954 956
est1 1092 955 957
est1 1093 956 958
est1 1094 957 959
est1 1095 958 960
est1 1096 959 961
est1 1097 960 962
est1 1098 961 963
est1 1099 962 964
