999 863
est1 1000 863 999
est1 10000 8630 9972
est1 100000 86300 99702
est1 1000000 863000 997003
est1 10000000 8630000 9970030
est1 100000000 86300000 99700300
est1 1000000000 863000000 997002999
est1 10000000000 8630000000 9970029990
est1 100000000000 86300000000 99700299900
est1 1000000000000 863000000000 997002999000
est1 10000000000000 8630000000000 9970029990000
est1 100000000000000 86300000000000 99700299900000
est1 1000000000000000 863000000000000 997002999000000
est1 10000000000000000 8630000000000000 9970029990000000
est1 100000000000000000 86300000000000000 99700299900000000
est1 1000000000000000000 863000000000000000 997002999000000000
est1 10000000000000000000 8630000000000000000 9970029990000000000
