950 863
est1 1000 863 950
est2 10000 8630 8600
est2 100000 86300 85750
est2 1000000 863000 857400
est2 10000000 8630000 8573750
est2 100000000 86300000 85737500
est2 1000000000 863000000 857375000
est2 10000000000 8630000000 8573750000
est2 100000000000 86300000000 85737500000
est2 1000000000000 863000000000 857375000000
est2 10000000000000 8630000000000 8573750000000
est2 100000000000000 86300000000000 85737500000000
est2 1000000000000000 863000000000000 857375000000000
est2 10000000000000000 8630000000000000 8573750000000000
est2 100000000000000000 86300000000000000 85737500000000000
est2 1000000000000000000 863000000000000000 857375000000000000
est2 10000000000000000000 8630000000000000000 8573750000000000000
