990 863
est1 1000 863 990
est1 10000 8630 9720
est1 100000 86300 97030
est1 1000000 863000 970300
est1 10000000 8630000 9702990
est1 100000000 86300000 97029900
est1 1000000000 863000000 970299000
est1 10000000000 8630000000 9702990000
est1 100000000000 86300000000 97029900000
est1 1000000000000 863000000000 970299000000
est1 10000000000000 8630000000000 9702990000000
est1 100000000000000 86300000000000 97029900000000
est1 1000000000000000 863000000000000 970299000000000
est1 10000000000000000 8630000000000000 9702990000000000
est1 100000000000000000 86300000000000000 97029900000000000
est1 1000000000000000000 863000000000000000 970299000000000000
est1 10000000000000000000 8630000000000000000 9702990000000000000
