900 863
est1 1000 863 900
est2 10000 8630 7300
est2 100000 86300 72900
est2 1000000 863000 729000
est2 10000000 8630000 7290000
est2 100000000 86300000 72900000
est2 1000000000 863000000 729000000
est2 10000000000 8630000000 7290000000
est2 100000000000 86300000000 72900000000
est2 1000000000000 863000000000 729000000000
est2 10000000000000 8630000000000 7290000000000
est2 100000000000000 86300000000000 72900000000000
est2 1000000000000000 863000000000000 729000000000000
est2 10000000000000000 8630000000000000 7290000000000000
est2 100000000000000000 86300000000000000 72900000000000000
est2 1000000000000000000 863000000000000000 729000000000000000
est2 10000000000000000000 8630000000000000000 7290000000000000000
