65
1 1 3771679948420674
52245 85277 3528041057867931
9966606336937688 9740005473217677 583445907010364
19716 29416 841088842498107
725831654114702 4541733210835335 2742887072719959
10 13 8689503031950123
4 6 7754441745231444
8272 10247 5338458442301888
74036 112850 549053549625598
7 12 6439637337963783
2 3 1
1 3 100
10 10 4042027009034951
49127 75508 3693288613316216
9 9 2395440648063235
4 6 2271224666368145
13973 26419 3513626523439425
5 8 550103143310362
9334 14595 5458585253152592
10 13 11234567890
3865717696012301 6136029900710052 3321279115901350
5 9 9152845331581750
650920191250544 3690753017565881 4021727189586015
80006 121046 2203488461171151
259149987802241 6689368820300403 3534721002568495
60280 106158 382504020903546
74116 111994 1493371909130523
1000000000000 1 1
9 15 5802491041437611
7861 11257 5477539912208008
1 1000000000000 1
1 1 7851116204037232
3 5 840843200459482
4 4 4198590241362000
1 1 1000000000000
6 6 3465509398779757
1000000000000 1 1000000000000
2 3 2
37177 52260 3627623246300954
6 9 2903294259185990
6 9 497087563
2 3 5
314 512 1024
1 1 6044898352400565
7 7 6977204123379581
1 1000000000000 1000000000000
9545048558841825 6899255672076999 9272818149758853
59617 76399 8216425361382011
9 10 9259928947805118
99838 101928 3638110057611840
9 17 7379218941168776
2 2 1081292147434158
9706554173387903 5097740681849255 2095245244912381
314 512 133769420
2 2 9825445613196928
48878 70096 1422160026469748
13988 25555 2154753727553324
3626621529746551 3995165959615617 3319701929960343
26597 37816 4245730305851899
4 4 1760792368134037
5 7 4495587747091262
4175966084693454 5040165207533386 1846283425419327
5 1 100
10 17 370045965243845
10 13 3337041873753082
