500
1000000000 4 2 3
1000000000 100 872721048 64
474573491 100 2 2
2 736436882 1 1
1000000000 4 3 3
100 3 2 2
804684832 197217720 1 153175513
999999999 1000000000 2 999999999
999999999 3 999999998 2
100 4 1 3
2 999999999 1 1
1000000000 1000000000 3 2
999999999 999999999 1 2
1000000000 3 3 1
100 2 1 1
1000000000 4 3 2
999999999 1000000000 1 2
997867345 170075009 374134420 2
3 1000000000 1 3
100 3 99 1
1000000000 4 999999999 1
1000000000 999999999 3 1
1000000000 100 3 99
4 1000000000 2 999999999
3 402700402 2 1
999999999 100 3 2
100 1000000000 99 2
4 1000000000 2 374349453
4 2 2 1
4 410312616 3 176330867
100 999999999 3 3
999999999 4 1 3
100 999999999 99 2
904027769 100 278679397 3
4 314723735 2 2
999999999 999999999 2 1
3 4 1 1
4 1000000000 2 2
100 397986566 65 2
100 4 1 1
100 2 2 1
1000000000 100 1 1
160776118 100 1 1
999999999 100 3 99
2 999999999 1 2
1000000000 1000000000 999999999 2
999999999 3 3 1
1000000000 100 999999999 99
1000000000 1000000000 2 2
3 4 1 2
4 4 2 1
259765240 2 1 1
999999999 388726895 726514352 2
1000000000 4 606716047 3
999999999 489345280 108542079 3
100 1000000000 1 2
1000000000 999999999 999999999 2
999999999 100 2 1
499812538 999999999 1 1
100 999999999 99 1
100 3 3 2
999999999 4 888595089 3
999999999 1000000000 488516079 1
100 100 99 2
1000000000 4 999999999 2
999999999 999999999 1 1
1000000000 354487415 2 1
4 292678792 1 2
779009402 100 3 3
100 1000000000 2 2
475576299 79599546 62711377 1
1000000000 100 1 2
1000000000 2 999999999 1
999999999 100 999999998 3
999999999 100 1 3
100 100 2 1
100 100 3 99
2 3 1 2
100 4 99 1
1000000000 999999999 3 999999998
100 1000000000 3 2
4 3 1 1
3 332461468 2 3
100 999999999 2 3
4 625855660 3 1
100 100 3 1
1000000000 2 2 1
100 100 1 3
100 999999999 1 1
4 999999999 2 1
3 1000000000 2 3
109588419 516866303 95880941 3
4 100 1 40
606735969 100 574575067 9
3 4 2 1
4 4 3 1
1000000000 100 3 3
100 999999999 1 3
900930753 3 3 1
142421367 2 48241495 1
204388631 3 2 2
4 100 2 3
4 2 1 1
1000000000 4 2 1
1000000000 1000000000 3 3
4 1000000000 2 1
100 2 22 1
57695794 1000000000 17394064 1
66434218 3 2 2
992439437 2 2 1
999999999 1000000000 3 233117279
100 3 99 2
2 999999999 1 999999998
4 100 2 71
999999999 100 999999998 1
704993648 595827515 1 3
568263512 100 2 43
999999999 3 999999998 1
1000000000 1000000000 999999999 3
1000000000 999999999 1 999999998
1000000000 100 968047634 19
201238540 100 49757290 14
4 783105139 2 2
4 999999999 2 3
1000000000 999999999 999999999 999999998
4 345870621 1 11170728
3 2 2 1
515006471 3 3 2
100 3 1 2
1000000000 100 999999999 3
100 3 1 1
3 100 2 2
404696558 1000000000 344580310 355699065
100 100 1 99
4 21218471 2 2
2 590064564 1 410727603
4 4 2 2
100 100 2 99
999999999 100 2 11
3 4 2 3
100 2 9 1
2 100 1 3
999999999 999999999 999999998 999999998
100 4 2 3
3 100 1 3
803061495 4 3 3
1000000000 999999999 2 999999998
3 1000000000 2 1
999999999 1000000000 2 1
1000000000 352351844 795508322 1
1000000000 3 2 1
1000000000 634373833 687984129 3
697757447 999999999 3 614333645
3 387806766 2 3
2 100 1 1
671771882 1000000000 458242975 1
100 999999999 3 2
100 999999999 72 3
999999999 1000000000 2 2
999999999 2 2 1
3 999999999 1 1
999999999 2 1 1
100 1000000000 99 999999999
3 440178503 1 1
999999999 999999999 2 3
999999999 1000000000 1 999999999
1000000000 1000000000 1 3
100 999999999 5 3
1000000000 100 1 99
999999999 999999999 999999998 1
1000000000 1000000000 432922762 516684653
1000000000 999999999 1 3
100 1000000000 14 1
999999999 999999999 470395372 2
3 1000000000 1 2
543383962 764857696 2 41522173
1000000000 1000000000 2 3
999999999 1000000000 2 724564983
999999999 3 2 1
100 1000000000 1 999999999
4 1000000000 2 3
100 1000000000 99 1
1000000000 100 2 3
4 100 1 3
100 4 99 3
4 100 1 2
999999999 999999999 3 3
999999999 1000000000 3 2
100 4 1 2
999999999 100 1 2
3 999999999 2 1
207868204 1000000000 2 225202610
999999999 1000000000 999999998 3
999999999 100 1 1
100 1000000000 2 999999999
4 4 1 1
1000000000 100 450060632 3
4 3 2 2
1000000000 2 592728920 1
1000000000 1000000000 2 1
76553835 3 3 2
999999999 1000000000 999999998 1
3 3 2 1
38475058 4 38289611 2
100 3 3 1
4 100 3 1
1000000000 100 999999999 1
3 100 1 2
100 4 3 1
2 1000000000 1 3
999999999 4 999999998 3
588175668 2 2 1
999999999 130079639 121158886 3
2 2 1 1
163708539 999999999 3 3
1000000000 999999999 1 1
100 4 3 2
843094006 3 3 1
999999999 3 2 2
999999999 4 3 2
2 100 1 2
999999999 999999999 3 999999998
100 999999999 3 1
3 999999999 1 999999998
999999999 4 999999998 2
4 198068727 2 2
3 190048202 1 3
999999999 999999999 3 1
4 999999999 3 2
1000000000 743670139 3 3
100 999999999 1 913663288
1000000000 100 2 99
999999999 100 3 3
999999999 4 37069733 2
998645846 2 2 1
1000000000 1000000000 1 4469475
4 999999999 1 2
100 3 98 2
4 4 3 3
699118378 100 371255050 53
999999999 2 3 1
999999999 4 3 3
1000000000 1000000000 2 999999999
513324740 2 1 1
3 999999999 1 2
1000000000 100 3 1
4 100 1 1
1000000000 748176992 2 3
3 999999999 2 3
1000000000 999999999 2 756841576
999999999 999999999 999999998 2
3 4 2 2
999999999 100 3 1
1000000000 999999999 999999999 1
3 3 1 2
1000000000 2 1 1
100 999999999 2 1
4 100 2 1
3 1000000000 2 999999999
999999999 999999999 3 2
1000000000 999999999 2 2
1000000000 293794518 859896680 2
999999999 999999999 13776769 2
100 999999999 1 999999998
100 916630865 1 2
3 100 2 1
100 999999999 99 999999998
1000000000 1000000000 999999999 1
1000000000 100 2 1
3 999999999 2 478452455
3 100 1 99
1000000000 100 2 2
189832940 1000000000 2 3
999999999 999999999 1 999999998
999999999 4 1 1
1000000000 1000000000 245797795 1
587962907 2 570433024 1
999999999 100 2 99
4 3 3 2
100 1000000000 3 1
351511977 1000000000 3 1
3 2 1 1
100 999999999 83 1
3 1000000000 1 197472206
999999999 999999999 1 3
1000000000 1000000000 3 1
3 4 1 3
100 999999999 1 2
1000000000 100 999999999 2
999999999 999999999 999999998 3
3 3 2 2
4 3 2 1
999999999 999999999 1 713021361
1000000000 999999999 2 3
4 999999999 3 999999998
501599341 999999999 2 3
4 100 2 2
100 100 1 1
4 1000000000 3 2
100 100 2 80
4 308024713 3 2
4 100 3 99
999999999 100 2 2
4 1000000000 3 1
999999999 1000000000 1 3
4 100 3 2
1000000000 3 3 2
4 999999999 1 3
999999999 153855548 3 2
100 100 99 3
1000000000 445823784 2 2
1000000000 1000000000 1 999999999
999999999 3 1 1
4 1000000000 1 1
1000000000 1000000000 999999999 999999999
1000000000 999999999 3 3
1000000000 3 1 2
999999999 3 976671636 2
3 999999999 1 79992930
1000000000 999999999 2 47219043
100 999999999 2 217038469
4 999999999 2 471976874
713458743 999999999 1 232415301
999999999 1000000000 3 3
621335426 20082604 2 3
1000000000 3 2 2
1000000000 999999999 999999999 3
2 999999999 1 3
1000000000 999999999 3 2
427727826 1000000000 3 1
1000000000 1000000000 1 1
100 1000000000 3 3
4 1000000000 1 999999999
251333014 100 1 2
100 999999999 2 999999998
999999999 999999999 2 2
999999999 100 1 99
100 999999999 99 3
3 100 1 1
1000000000 999999999 1 2
999999999 1000000000 3 1
1000000000 3 999999999 2
100 999999999 3 607160337
100 100 2 3
1000000000 760355100 2 1
1000000000 3 999999999 1
1000000000 1000000000 301408972 2
1000000000 4 1 1
4 3 1 2
1000000000 2 3 1
4 4 1 3
576202195 4 1 2
598618548 1000000000 1 2
100 1000000000 3 881233701
100 100 1 2
569981406 4 2 2
4 1000000000 1 809590669
4 999999999 2 999999998
100 2 99 1
135818523 100 127108945 1
100 3 2 1
1000000000 84082569 375561153 2
999999999 100 999999998 2
365482087 971250614 97597 28576180
3 525092475 2 3
3 1000000000 1 999999999
999999999 4 1 2
1000000000 4 120887411 1
100 4 2 1
4 100 2 91
999999999 100 2 3
100 999999999 43 2
100 1000000000 2 3
4 999999999 1 1
3 1000000000 1 1
759115178 100 3 1
100 4 99 2
2 4 1 2
100 1000000000 1 3
100 102245557 1 1
100 4 3 3
4 4 2 3
3 637320062 1 460765579
406955220 100 2 1
2 4 1 1
100 999999999 3 999999998
999999999 1000000000 1 1
2 3 1 1
4 100 2 99
100 1000000000 99 3
1000000000 4 999999999 3
1000000000 4 3 1
1000000000 100 75322340 3
564769898 999999999 3 3
999999999 4 2 2
804494411 2 1 1
100 100 99 1
1000000000 4 1 3
999999999 1000000000 3 999999999
4 1000000000 1 2
19089712 3 3 1
1000000000 1000000000 3 999999999
100 100 3 48
977912389 734778827 532290378 1
163592637 549432548 2 110629430
4 999999999 2 2
630783940 100 3 2
999999999 4 2 3
945684593 999999999 725490874 3
4 999999999 3 1
999999999 1000000000 999999998 2
100 1000000000 3 999999999
3 1000000000 2 174737436
4 1000000000 3 3
1000000000 1000000000 1 2
1000000000 4 1 2
1000000000 889034323 2 585497466
4 100 3 3
999999999 2 999999998 1
159636198 2 132750702 1
2 1000000000 1 2
1000000000 100 3 62
402854259 831040336 3 3
4 999999999 3 3
1000000000 100 3 2
2 100 1 66
1000000000 100 1 3
2 1000000000 1 1
4 4 3 2
3 999999999 2 2
3 1000000000 2 2
1000000000 723284552 647366837 1
999999999 999999999 2 999999998
914040527 100 1 2
3 999999999 2 217585714
999999999 1000000000 2 3
100 4 84 3
999999999 100 1 92
999999999 3 1 2
2 100 1 99
100 351514573 1 3
4 4 1 2
2 4 1 3
3 560442205 2 3
999999999 4 3 1
1000000000 3 1 1
999999999 100 999999998 99
100 1000000000 1 1
999999999 4 2 1
999999999 100 361399062 76
249097053 100 3 2
2 477765917 1 413635441
999999999 4 999999998 1
4 3 3 1
100 100 2 2
4 40276081 1 3
1000000000 4 2 2
1000000000 100 99694839 3
1000000000 527180352 2 1
999999999 3 3 2
588778144 302958057 3 3
3 565428755 1 2
632902334 4 3 3
100 100 99 99
3 999999999 1 3
586838884 999999999 2 2
4 100 2 31
999999999 3 132294377 2
4 999999999 1 999999998
999999999 1000000000 999999998 999999999
1000000000 1000000000 711006329 2
100 100 3 2
400638252 4 3 2
3 999999999 2 999999998
100 4 2 2
3 750409238 1 2
377173489 999999999 3 1
3 100 2 3
1000000000 999999999 90055928 1
100 492122489 3 2
4 1000000000 3 999999999
999999999 3 618585901 2
999999999 4 627313199 3
4 2 3 1
100 2 3 1
4 1000000000 1 3
452792670 1000000000 2 115192647
1000000000 999999999 2 1
4 100 1 99
3 929445484 2 1
100 999999999 2 2
100 1000000000 2 1
3 49194494 2 1
3 100 2 99
2 1000000000 1 999999999
100 100 3 3
1000000000 100 2 27
3 3 1 1
999999999 999999999 3 361042743
349725997 3 3 2
