Case #1: 9 10 5 5 4 4 4 4 4 1
Case #2: 6 17 12 4 3 3 2
Case #3: 8 13 10 4 3 3 3 3 2
Case #4: 5 20 6 6 6 3
Case #5: 9 15 9 3 3 3 3 3 1 1
Case #6: -1
Case #7: -1
Case #8: 9 11 6 5 4 4 4 4 2 1
Case #9: 7 14 7 6 4 4 4 2
Case #10: 33 9 1 1 1 1 1 1 1 1 1 1 1 1 1 1 1 1 1 1 1 1 1 1 1 1 1 1 1 1 1 1 1 1
Case #11: 5 22 8 5 4 2
Case #12: 6 14 14 10 1 1 1
Case #13: 8 18 9 3 3 3 3 1 1
Case #14: 6 12 11 10 3 3 2
Case #15: 7 14 10 4 4 3 3 3
Case #16: 9 10 6 5 5 5 3 3 3 1
Case #17: 7 10 10 9 3 3 3 3
Case #18: -1
Case #19: -1
Case #20: 3 37 3 1
Case #21: 4 22 10 6 3
Case #22: 8 28 5 3 1 1 1 1 1
Case #23: -1
Case #24: -1
Case #25: 9 14 5 5 3 3 3 3 3 2
Case #26: 6 13 13 6 4 4 1
Case #27: 6 12 11 6 6 3 3
Case #28: 9 10 9 6 3 3 3 3 3 1
Case #29: 4 19 10 6 6
Case #30: 19 17 7 1 1 1 1 1 1 1 1 1 1 1 1 1 1 1 1 1
Case #31: 17 22 4 1 1 1 1 1 1 1 1 1 1 1 1 1 1 1
Case #32: 7 17 12 8 1 1 1 1
Case #33: 7 14 13 5 5 2 1 1
Case #34: 5 21 9 5 5 1
Case #35: 6 14 10 8 6 2 1
Case #36: -1
Case #37: 5 19 19 1 1 1
Case #38: 7 14 5 5 5 4 4 4
Case #39: 6 14 7 6 6 6 2
Case #40: -1
Case #41: -1
Case #42: 7 14 12 9 3 1 1 1
Case #43: 12 28 3 1 1 1 1 1 1 1 1 1 1
Case #44: 8 20 4 3 3 3 3 3 2
Case #45: 8 10 6 6 5 5 3 3 3
Case #46: 8 11 10 5 4 3 3 3 2
Case #47: -1
Case #48: 4 20 15 5 1
Case #49: 7 12 12 4 4 4 4 1
Case #50: -1
Case #51: 9 10 10 4 3 3 3 3 3 2
Case #52: -1
Case #53: 21 19 3 1 1 1 1 1 1 1 1 1 1 1 1 1 1 1 1 1 1 1
Case #54: 17 23 3 1 1 1 1 1 1 1 1 1 1 1 1 1 1 1
Case #55: 6 14 10 6 6 3 2
Case #56: -1
Case #57: 5 13 12 10 3 3
Case #58: 6 20 5 4 4 4 4
Case #59: -1
Case #60: 7 10 10 8 6 4 2 1
Case #61: 7 24 6 3 3 3 1 1
Case #62: 6 20 8 6 4 2 1
Case #63: 6 26 4 3 3 3 2
Case #64: 19 20 4 1 1 1 1 1 1 1 1 1 1 1 1 1 1 1 1 1
Case #65: 7 14 5 5 5 5 4 3
Case #66: 6 20 5 5 5 4 2
Case #67: 6 28 6 4 1 1 1
Case #68: 9 14 7 6 3 3 3 3 1 1
Case #69: 9 14 5 4 4 3 3 3 3 2
Case #70: 10 14 4 3 3 3 3 3 3 3 2
Case #71: 8 10 6 5 5 5 5 4 1
Case #72: 18 24 1 1 1 1 1 1 1 1 1 1 1 1 1 1 1 1 1
Case #73: -1
Case #74: 7 12 12 4 4 4 3 2
Case #75: -1
Case #76: -1
Case #77: -1
Case #78: 7 14 10 6 3 3 3 2
Case #79: 7 22 4 4 3 3 3 2
Case #80: 22 18 3 1 1 1 1 1 1 1 1 1 1 1 1 1 1 1 1 1 1 1 1
Case #81: 7 14 6 5 4 4 4 4
Case #82: 7 21 9 7 1 1 1 1
Case #83: 15 20 8 1 1 1 1 1 1 1 1 1 1 1 1 1
Case #84: 7 12 11 11 4 1 1 1
Case #85: 4 20 10 10 1
Case #86: 6 13 11 7 5 3 2
Case #87: 7 10 10 6 6 3 3 3
Case #88: 6 13 10 7 4 4 3
Case #89: 6 15 10 9 5 1 1
Case #90: 5 14 14 5 5 3
Case #91: -1
Case #92: 6 20 10 5 4 1 1
Case #93: 15 26 2 1 1 1 1 1 1 1 1 1 1 1 1 1
Case #94: -1
Case #95: 8 10 7 5 4 4 4 4 3
Case #96: 7 16 8 4 4 4 4 1
Case #97: 14 20 9 1 1 1 1 1 1 1 1 1 1 1 1
Case #98: 15 24 4 1 1 1 1 1 1 1 1 1 1 1 1 1
Case #99: -1
Case #100: 8 14 10 3 3 3 3 3 2
Case #101: 11 4 4 4 4 4 4 4 4 4 4 1
Case #102: 5 26 5 4 4 2
Case #103: 6 14 10 6 6 4 1
Case #104: 5 17 10 6 6 2
Case #105: 8 12 6 6 6 3 3 3 2
Case #106: 5 13 10 6 6 6
Case #107: 7 14 12 4 4 4 2 1
Case #108: 9 32 2 1 1 1 1 1 1 1
Case #109: 25 11 7 1 1 1 1 1 1 1 1 1 1 1 1 1 1 1 1 1 1 1 1 1 1 1
Case #110: 8 20 5 5 5 3 1 1 1
Case #111: 6 14 14 4 4 3 2
Case #112: 7 12 11 6 4 3 3 2
Case #113: 5 14 10 8 8 1
Case #114: 9 12 4 4 4 4 4 3 3 3
Case #115: 7 19 10 8 1 1 1 1
Case #116: -1
Case #117: -1
Case #118: -1
Case #119: -1
Case #120: 34 8 1 1 1 1 1 1 1 1 1 1 1 1 1 1 1 1 1 1 1 1 1 1 1 1 1 1 1 1 1 1 1 1 1
Case #121: -1
Case #122: 6 22 6 4 4 3 2
Case #123: 16 26 1 1 1 1 1 1 1 1 1 1 1 1 1 1 1
Case #124: -1
Case #125: 7 10 10 6 4 4 4 3
Case #126: 5 24 8 6 2 1
Case #127: 5 14 14 7 3 3
Case #128: 7 11 10 6 5 5 3 1
Case #129: 6 14 7 7 5 4 4
Case #130: 8 13 10 3 3 3 3 3 3
Case #131: 8 10 7 6 5 4 3 3 3
Case #132: 9 10 5 5 5 4 4 3 3 2
Case #133: -1
Case #134: 7 28 8 1 1 1 1 1
Case #135: 13 29 1 1 1 1 1 1 1 1 1 1 1 1
Case #136: 6 12 12 8 4 4 1
Case #137: -1
Case #138: 6 20 12 6 1 1 1
Case #139: 5 24 12 3 1 1
Case #140: 6 17 10 4 4 3 3
Case #141: 22 20 1 1 1 1 1 1 1 1 1 1 1 1 1 1 1 1 1 1 1 1 1
Case #142: -1
Case #143: 7 35 1 1 1 1 1 1
Case #144: 7 12 8 8 4 4 4 1
Case #145: -1
Case #146: 7 15 15 3 3 3 1 1
Case #147: 8 14 9 5 5 5 1 1 1
Case #148: 8 11 10 6 6 3 3 1 1
Case #149: 8 10 7 7 5 4 3 3 2
Case #150: 8 10 7 7 4 4 3 3 3
Case #151: 6 11 10 6 6 6 2
Case #152: 6 12 8 8 8 4 1
Case #153: 6 15 14 5 3 3 1
Case #154: 5 22 7 7 4 1
Case #155: 7 20 5 5 5 4 1 1
Case #156: 10 7 6 5 4 4 4 4 4 2 1
Case #157: 5 19 12 4 4 2
Case #158: 8 10 9 5 5 5 3 3 1
Case #159: 11 31 1 1 1 1 1 1 1 1 1 1
Case #160: 7 17 7 6 4 4 2 1
Case #161: 21 11 11 1 1 1 1 1 1 1 1 1 1 1 1 1 1 1 1 1 1 1
Case #162: 8 14 6 6 4 3 3 3 2
Case #163: 9 7 6 5 5 5 4 4 4 1
Case #164: 7 10 10 6 6 6 2 1
Case #165: 7 12 10 4 4 4 4 3
Case #166: 5 24 6 6 3 2
Case #167: 12 29 2 1 1 1 1 1 1 1 1 1 1
Case #168: -1
Case #169: -1
Case #170: 25 13 5 1 1 1 1 1 1 1 1 1 1 1 1 1 1 1 1 1 1 1 1 1 1 1
Case #171: -1
Case #172: 6 23 6 6 4 1 1
Case #173: -1
Case #174: 9 7 7 6 5 5 4 4 2 1
Case #175: -1
Case #176: -1
Case #177: 10 10 5 4 4 4 3 3 3 3 2
Case #178: 7 17 10 6 3 3 1 1
Case #179: 7 14 8 8 4 4 2 1
Case #180: -1
Case #181: 9 7 7 6 4 4 4 4 4 1
Case #182: 6 24 6 3 3 3 2
Case #183: 4 28 7 3 3
Case #184: 6 14 10 7 4 3 3
Case #185: 5 20 12 3 3 3
Case #186: -1
Case #187: -1
Case #188: 6 12 11 8 4 4 2
Case #189: -1
Case #190: 6 14 14 5 3 3 2
Case #191: 32 10 1 1 1 1 1 1 1 1 1 1 1 1 1 1 1 1 1 1 1 1 1 1 1 1 1 1 1 1 1 1 1
Case #192: 7 20 8 8 2 1 1 1
Case #193: -1
Case #194: 6 20 6 5 5 4 1
Case #195: 7 14 10 4 4 4 3 2
Case #196: 7 10 10 6 5 4 4 2
Case #197: 11 17 12 4 1 1 1 1 1 1 1 1
Case #198: 7 12 10 6 4 4 3 2
Case #199: 12 15 14 3 1 1 1 1 1 1 1 1 1
Case #200: 6 22 7 6 4 1 1
Case #201: 8 14 7 4 4 3 3 3 3
Case #202: 6 20 8 4 4 4 1
Case #203: -1
Case #204: -1
Case #205: 6 14 12 6 6 2 1
Case #206: 8 17 10 9 1 1 1 1 1
Case #207: -1
Case #208: 8 12 10 4 4 4 4 2 1
Case #209: 7 13 10 6 6 4 1 1
Case #210: 24 18 1 1 1 1 1 1 1 1 1 1 1 1 1 1 1 1 1 1 1 1 1 1 1
Case #211: 6 14 7 6 6 4 4
Case #212: 6 17 12 9 1 1 1
Case #213: 6 12 11 6 6 4 2
Case #214: 8 14 14 6 3 1 1 1 1
Case #215: 7 14 11 4 3 3 3 3
Case #216: 6 28 8 2 1 1 1
Case #217: 6 13 10 9 5 3 1
Case #218: 9 12 10 3 3 3 3 3 3 1
Case #219: 5 15 15 5 5 1
Case #220: 9 26 6 3 1 1 1 1 1 1
Case #221: 6 13 10 9 3 3 3
Case #222: 3 23 17 1
Case #223: 9 10 7 5 4 4 3 3 3 2
Case #224: 28 10 5 1 1 1 1 1 1 1 1 1 1 1 1 1 1 1 1 1 1 1 1 1 1 1 1 1 1
Case #225: 4 26 7 5 3
Case #226: -1
Case #227: 5 14 12 8 6 1
Case #228: -1
Case #229: 4 24 12 3 2
Case #230: 7 11 10 5 5 4 3 3
Case #231: 17 25 1 1 1 1 1 1 1 1 1 1 1 1 1 1 1 1
Case #232: 5 14 13 7 4 3
Case #233: -1
Case #234: 6 11 11 8 6 4 1
Case #235: 4 28 6 5 2
Case #236: 9 12 4 4 4 4 4 4 4 1
Case #237: 19 15 9 1 1 1 1 1 1 1 1 1 1 1 1 1 1 1 1 1
Case #238: 6 19 17 2 1 1 1
Case #239: 10 10 7 3 3 3 3 3 3 3 3
Case #240: 5 22 7 6 5 1
Case #241: 6 24 4 4 4 3 2
Case #242: 3 20 12 9
Case #243: 7 24 3 3 3 3 3 2
Case #244: 8 14 5 5 5 5 3 3 1
Case #245: -1
Case #246: 6 22 12 4 1 1 1
Case #247: 9 14 5 4 3 3 3 3 3 3
Case #248: 9 12 4 4 4 4 4 4 3 2
Case #249: -1
Case #250: 9 14 10 9 3 1 1 1 1 1
Case #251: 7 14 10 6 6 3 1 1
Case #252: 4 26 6 5 4
Case #253: 13 27 3 1 1 1 1 1 1 1 1 1 1 1
Case #254: 8 14 6 4 4 4 3 3 3
Case #255: -1
Case #256: 8 10 7 6 4 4 4 4 2
Case #257: 4 15 15 10 1
Case #258: -1
Case #259: 18 23 2 1 1 1 1 1 1 1 1 1 1 1 1 1 1 1 1
Case #260: -1
Case #261: 9 10 6 5 4 4 4 3 3 2
Case #262: 29 7 7 1 1 1 1 1 1 1 1 1 1 1 1 1 1 1 1 1 1 1 1 1 1 1 1 1 1 1
Case #263: 6 11 10 9 5 3 3
Case #264: -1
Case #265: 5 20 10 5 4 2
Case #266: 12 14 9 9 1 1 1 1 1 1 1 1 1
Case #267: 8 12 6 4 4 4 4 4 3
Case #268: -1
Case #269: -1
Case #270: 4 22 14 3 2
Case #271: 6 20 6 5 5 3 2
Case #272: 5 17 14 8 1 1
Case #273: 7 13 10 6 5 3 3 1
Case #274: 8 12 6 6 4 4 4 4 1
Case #275: 6 11 10 10 4 3 3
Case #276: -1
Case #277: 12 30 1 1 1 1 1 1 1 1 1 1 1
Case #278: 7 20 6 3 3 3 3 3
Case #279: 6 14 12 8 4 2 1
Case #280: 8 14 8 4 4 4 4 2 1
Case #281: 7 12 11 4 4 4 4 2
Case #282: 6 10 10 10 5 3 3
Case #283: 7 13 11 6 4 4 2 1
Case #284: 10 10 6 4 3 3 3 3 3 3 3
Case #285: 23 17 3 1 1 1 1 1 1 1 1 1 1 1 1 1 1 1 1 1 1 1 1 1
Case #286: -1
Case #287: -1
Case #288: -1
Case #289: 6 17 7 6 6 4 1
Case #290: 9 12 6 6 3 3 3 3 3 2
Case #291: 8 10 6 6 6 4 3 3 3
Case #292: -1
Case #293: 6 34 3 1 1 1 1
Case #294: 6 20 5 5 5 3 3
Case #295: 8 14 5 5 4 4 4 3 2
Case #296: 7 11 7 7 6 5 4 1
Case #297: -1
Case #298: 9 22 10 3 1 1 1 1 1 1
Case #299: 7 10 10 6 6 4 3 2
Case #300: 5 20 12 4 3 2
Case #301: 6 13 10 6 6 3 3
Case #302: 8 14 7 6 3 3 3 3 2
Case #303: -1
Case #304: 7 14 11 5 3 3 3 2
Case #305: -1
Case #306: 6 14 9 9 7 1 1
Case #307: 9 10 6 5 5 4 3 3 3 2
Case #308: -1
Case #309: 8 14 6 6 4 4 4 2 1
Case #310: 8 14 4 4 4 4 4 4 3
Case #311: 11 28 4 1 1 1 1 1 1 1 1 1
Case #312: 8 13 7 6 4 4 4 2 1
Case #313: 4 20 12 8 1
Case #314: 19 23 1 1 1 1 1 1 1 1 1 1 1 1 1 1 1 1 1 1
Case #315: 5 17 12 6 3 3
Case #316: -1
Case #317: 7 14 10 10 4 1 1 1
Case #318: 13 21 7 3 1 1 1 1 1 1 1 1 1 1
Case #319: -1
Case #320: 7 15 15 5 3 1 1 1
Case #321: 9 10 10 5 3 3 3 3 3 1
Case #322: 16 22 5 1 1 1 1 1 1 1 1 1 1 1 1 1 1
Case #323: 7 11 10 6 6 3 3 2
Case #324: 6 17 11 6 4 2 1
Case #325: 6 17 12 3 3 3 3
Case #326: 15 23 5 1 1 1 1 1 1 1 1 1 1 1 1 1
Case #327: 13 13 11 7 1 1 1 1 1 1 1 1 1 1
Case #328: 6 20 5 5 4 4 3
Case #329: 6 13 10 6 6 4 2
Case #330: 19 22 2 1 1 1 1 1 1 1 1 1 1 1 1 1 1 1 1 1
Case #331: -1
Case #332: 7 24 12 1 1 1 1 1
Case #333: 6 14 10 6 4 4 3
Case #334: 7 13 10 5 4 3 3 3
Case #335: 7 10 6 6 6 6 4 3
Case #336: 6 20 6 6 3 3 3
Case #337: 19 19 5 1 1 1 1 1 1 1 1 1 1 1 1 1 1 1 1 1
Case #338: 7 13 10 5 4 4 4 1
Case #339: -1
Case #340: -1
Case #341: 7 20 10 3 3 3 1 1
Case #342: 5 22 7 6 4 2
Case #343: 8 13 6 5 5 5 4 2 1
Case #344: 10 10 5 5 4 3 3 3 3 3 2
Case #345: 6 14 12 6 4 4 1
Case #346: 4 22 12 6 1
Case #347: -1
Case #348: 6 14 14 4 4 4 1
Case #349: 8 20 3 3 3 3 3 3 3
Case #350: 8 11 7 6 6 4 4 2 1
Case #351: 7 14 12 3 3 3 3 3
Case #352: 8 12 8 4 4 4 4 4 1
Case #353: -1
Case #354: -1
Case #355: 6 14 7 7 6 6 1
Case #356: 7 14 7 7 4 3 3 3
Case #357: 6 24 4 4 3 3 3
Case #358: 3 19 17 5
Case #359: 39 3 1 1 1 1 1 1 1 1 1 1 1 1 1 1 1 1 1 1 1 1 1 1 1 1 1 1 1 1 1 1 1 1 1 1 1 1 1 1
Case #360: 7 14 13 3 3 3 3 2
Case #361: 25 17 1 1 1 1 1 1 1 1 1 1 1 1 1 1 1 1 1 1 1 1 1 1 1 1
Case #362: -1
Case #363: 9 10 8 4 4 4 4 4 2 1
Case #364: 10 8 4 4 4 4 4 4 4 4 1
Case #365: 5 22 6 6 5 2
Case #366: 7 14 10 7 3 3 3 1
Case #367: 7 22 12 3 1 1 1 1
Case #368: 5 20 6 6 5 4
Case #369: 5 22 10 4 3 2
Case #370: 9 10 5 5 4 4 4 3 3 3
Case #371: 8 10 10 6 5 3 3 3 1
Case #372: -1
Case #373: 14 10 9 9 3 1 1 1 1 1 1 1 1 1 1
Case #374: 6 14 6 6 5 5 5
Case #375: 10 32 1 1 1 1 1 1 1 1 1
Case #376: 6 11 10 7 7 3 3
Case #377: 9 10 4 4 4 4 4 4 4 3
Case #378: 38 4 1 1 1 1 1 1 1 1 1 1 1 1 1 1 1 1 1 1 1 1 1 1 1 1 1 1 1 1 1 1 1 1 1 1 1 1 1
Case #379: 7 14 6 6 5 4 4 2
Case #380: -1
Case #381: 6 13 10 8 8 1 1
Case #382: 8 11 10 4 4 3 3 3 3
Case #383: 6 19 12 6 2 1 1
Case #384: 23 13 7 1 1 1 1 1 1 1 1 1 1 1 1 1 1 1 1 1 1 1 1 1
Case #385: 6 14 10 5 5 4 3
Case #386: 9 14 10 8 4 1 1 1 1 1
Case #387: -1
Case #388: 7 11 11 6 6 4 2 1
Case #389: 6 13 10 6 4 4 4
Case #390: 6 24 12 2 1 1 1
Case #391: 36 6 1 1 1 1 1 1 1 1 1 1 1 1 1 1 1 1 1 1 1 1 1 1 1 1 1 1 1 1 1 1 1 1 1 1 1
Case #392: 8 15 10 9 3 1 1 1 1
Case #393: 6 24 9 3 3 1 1
Case #394: 7 11 7 6 6 6 4 1
Case #395: 10 6 6 6 4 4 4 4 4 2 1
Case #396: 8 10 9 5 5 3 3 3 3
Case #397: 5 28 5 3 3 2
Case #398: 6 14 10 8 4 4 1
Case #399: 7 14 6 6 6 4 3 2
Case #400: 7 14 7 6 5 4 3 2
Case #401: 6 14 8 8 8 2 1
Case #402: 13 28 2 1 1 1 1 1 1 1 1 1 1 1
Case #403: 7 14 6 5 5 4 4 3
Case #404: 8 12 11 3 3 3 3 3 3
Case #405: 7 14 6 6 5 4 3 3
Case #406: -1
Case #407: 23 15 5 1 1 1 1 1 1 1 1 1 1 1 1 1 1 1 1 1 1 1 1 1
Case #408: 6 13 12 6 4 3 3
Case #409: 7 14 6 6 6 3 3 3
Case #410: 9 14 14 5 3 1 1 1 1 1
Case #411: 5 15 15 9 1 1
Case #412: 10 6 5 5 4 4 4 4 4 4 1
Case #413: 5 14 14 5 4 4
Case #414: 7 10 10 5 5 4 4 3
Case #415: 5 14 12 10 4 1
Case #416: 7 14 7 6 6 3 3 2
Case #417: 7 22 4 4 4 4 2 1
Case #418: -1
Case #419: 6 17 10 5 3 3 3
Case #420: 6 11 10 6 6 4 4
Case #421: 8 26 7 3 1 1 1 1 1
Case #422: 7 20 9 6 3 1 1 1
Case #423: 5 26 5 5 4 1
Case #424: -1
Case #425: 9 19 12 4 1 1 1 1 1 1
Case #426: 7 10 10 5 4 4 4 4
Case #427: 9 14 4 4 4 4 4 4 2 1
Case #428: -1
Case #429: 5 13 12 9 6 1
Case #430: 6 14 10 7 5 3 2
Case #431: 8 11 10 5 3 3 3 3 3
Case #432: 8 10 5 5 5 5 5 3 3
Case #433: 7 14 10 5 5 3 3 1
Case #434: -1
Case #435: 6 20 6 6 4 3 2
Case #436: -1
Case #437: -1
Case #438: 28 14 1 1 1 1 1 1 1 1 1 1 1 1 1 1 1 1 1 1 1 1 1 1 1 1 1 1 1
Case #439: 6 12 12 6 6 3 2
Case #440: 8 11 7 6 5 5 4 2 1
Case #441: 9 10 7 5 4 3 3 3 3 3
Case #442: 9 10 5 4 4 4 4 4 3 3
Case #443: 5 26 6 5 3 1
Case #444: -1
Case #445: -1
Case #446: -1
Case #447: 6 14 10 6 5 4 2
Case #448: 6 22 6 4 3 3 3
Case #449: -1
Case #450: 8 10 6 5 4 4 4 4 4
Case #451: 8 12 10 6 3 3 3 3 1
Case #452: 8 10 7 7 5 3 3 3 3
Case #453: 9 14 6 4 3 3 3 3 3 2
Case #454: 6 36 1 1 1 1 1
Case #455: 6 10 10 6 6 6 3
Case #456: 7 11 10 5 4 4 4 3
Case #457: 7 14 10 5 4 3 3 2
Case #458: 6 14 12 6 3 3 3
Case #459: 6 23 6 5 4 2 1
Case #460: 7 14 6 5 5 5 4 2
Case #461: 9 10 10 5 5 3 3 3 1 1
Case #462: 5 20 10 5 3 3
Case #463: 6 20 9 5 3 3 1
Case #464: -1
Case #465: 7 14 7 5 4 4 4 3
Case #466: 6 17 12 6 4 1 1
Case #467: -1
Case #468: -1
Case #469: -1
Case #470: 6 23 10 3 3 1 1
Case #471: 10 10 6 6 3 3 3 3 3 3 1
Case #472: 13 19 7 5 1 1 1 1 1 1 1 1 1 1
Case #473: 7 11 10 6 5 3 3 3
Case #474: 7 10 7 7 7 4 3 3
Case #475: 9 14 4 4 4 4 3 3 3 2
Case #476: 7 11 10 10 3 3 3 1
Case #477: 8 10 6 5 5 5 4 4 2
Case #478: 6 14 7 7 6 4 3
Case #479: 8 20 5 3 3 3 3 3 1
Case #480: 6 13 10 10 3 3 2
Case #481: -1
Case #482: 8 10 6 6 5 5 4 3 2
Case #483: 7 17 6 5 4 4 4 1
Case #484: 6 15 10 9 3 3 1
Case #485: 10 30 3 1 1 1 1 1 1 1 1
Case #486: -1
Case #487: 7 11 10 6 4 4 4 2
Case #488: -1
Case #489: 8 14 5 4 4 4 4 3 3
Case #490: 7 14 12 8 4 1 1 1
Case #491: 9 31 3 1 1 1 1 1 1 1
Case #492: 7 13 10 6 3 3 3 3
Case #493: 8 10 10 5 4 4 3 3 2
Case #494: 7 10 6 6 5 5 5 4
Case #495: 11 12 3 3 3 3 3 3 3 3 3 2
Case #496: -1
Case #497: 8 11 10 4 4 4 3 3 2
Case #498: 6 19 10 4 3 3 2
Case #499: 5 14 10 10 4 3
Case #500: 9 10 6 4 4 4 4 4 4 1
Case #501: 6 22 10 5 2 1 1
Case #502: 9 14 10 3 3 3 3 3 1 1
Case #503: -1
Case #504: 8 7 7 6 6 6 4 4 1
Case #505: -1
Case #506: -1
Case #507: 7 10 10 10 3 3 3 2
Case #508: 31 11 1 1 1 1 1 1 1 1 1 1 1 1 1 1 1 1 1 1 1 1 1 1 1 1 1 1 1 1 1 1
Case #509: 7 20 10 5 3 1 1 1
Case #510: 9 14 7 3 3 3 3 3 3 2
Case #511: 23 19 1 1 1 1 1 1 1 1 1 1 1 1 1 1 1 1 1 1 1 1 1 1
Case #512: -1
Case #513: 6 22 7 5 3 3 1
Case #514: 6 13 12 6 4 4 2
Case #515: 15 27 1 1 1 1 1 1 1 1 1 1 1 1 1 1
Case #516: 7 13 7 6 5 5 4 1
Case #517: 7 12 12 4 4 3 3 3
Case #518: 7 12 11 6 3 3 3 3
Case #519: 7 14 10 9 5 1 1 1
Case #520: -1
Case #521: -1
Case #522: -1
Case #523: 5 20 10 6 3 2
Case #524: 9 14 10 5 5 3 1 1 1 1
Case #525: -1
Case #526: 6 22 9 3 3 3 1
Case #527: 11 15 3 3 3 3 3 3 3 3 1 1
Case #528: 7 12 6 6 6 4 4 3
Case #529: 4 20 12 6 3
Case #530: 6 14 13 5 4 3 2
Case #531: -1
Case #532: 41 1 1 1 1 1 1 1 1 1 1 1 1 1 1 1 1 1 1 1 1 1 1 1 1 1 1 1 1 1 1 1 1 1 1 1 1 1 1 1 1 1
Case #533: 8 12 6 6 4 4 3 3 3
Case #534: 4 37 2 1 1
Case #535: 5 17 12 4 4 4
Case #536: -1
Case #537: 20 22 1 1 1 1 1 1 1 1 1 1 1 1 1 1 1 1 1 1 1
Case #538: 8 10 5 5 5 5 4 4 3
Case #539: 6 30 3 3 3 1 1
Case #540: 10 24 9 1 1 1 1 1 1 1 1
Case #541: 7 10 10 6 5 5 4 1
Case #542: 5 22 6 6 4 3
Case #543: 17 15 9 3 1 1 1 1 1 1 1 1 1 1 1 1 1 1
Case #544: 7 13 12 4 3 3 3 3
Case #545: 11 15 9 9 1 1 1 1 1 1 1 1
Case #546: 2 40 1
Case #547: 9 10 6 6 6 3 3 3 3 1
Case #548: -1
Case #549: 9 10 6 6 4 3 3 3 3 3
Case #550: 12 20 9 3 1 1 1 1 1 1 1 1 1
Case #551: 7 11 11 7 6 4 1 1
Case #552: 6 13 12 4 4 4 4
Case #553: 27 15 1 1 1 1 1 1 1 1 1 1 1 1 1 1 1 1 1 1 1 1 1 1 1 1 1 1
Case #554: 5 22 10 3 3 3
Case #555: -1
Case #556: 8 10 10 5 5 5 4 1 1
Case #557: 9 7 7 6 6 4 4 4 2 1
Case #558: -1
Case #559: 7 10 7 7 6 4 4 3
Case #560: 5 19 12 8 1 1
Case #561: 8 10 9 9 3 3 3 3 1
Case #562: 8 34 1 1 1 1 1 1 1
Case #563: -1
Case #564: 8 14 7 7 6 4 1 1 1
Case #565: 7 13 8 7 6 4 2 1
Case #566: -1
Case #567: 5 14 11 6 5 5
Case #568: 10 6 5 5 5 5 4 4 4 2 1
Case #569: 6 10 9 9 9 3 1
Case #570: 6 20 10 8 1 1 1
Case #571: 6 22 5 5 5 3 1
Case #572: 7 10 10 10 4 4 2 1
Case #573: -1
Case #574: 9 8 5 4 4 4 4 4 4 4
Case #575: 4 36 3 1 1
Case #576: 9 14 4 4 4 3 3 3 3 3
Case #577: 7 13 12 6 6 2 1 1
Case #578: 6 14 13 6 3 3 2
Case #579: 5 16 14 8 2 1
Case #580: -1
Case #581: 11 29 3 1 1 1 1 1 1 1 1 1
Case #582: 6 14 7 6 5 5 4
Case #583: 9 6 5 5 5 5 5 5 4 1
Case #584: 5 22 6 5 5 3
Case #585: 6 20 6 5 4 4 2
Case #586: 7 20 6 4 3 3 3 2
Case #587: 29 13 1 1 1 1 1 1 1 1 1 1 1 1 1 1 1 1 1 1 1 1 1 1 1 1 1 1 1 1
Case #588: 5 14 10 10 6 1
Case #589: 6 19 10 6 4 1 1
Case #590: 8 14 6 5 5 4 4 2 1
Case #591: 13 21 9 1 1 1 1 1 1 1 1 1 1 1
Case #592: 10 12 6 6 3 3 3 3 3 1 1
Case #593: 6 28 5 3 3 1 1
Case #594: 8 14 7 5 4 3 3 3 2
Case #595: 5 22 10 6 2 1
Case #596: 16 23 4 1 1 1 1 1 1 1 1 1 1 1 1 1 1
Case #597: 7 19 6 5 4 4 2 1
Case #598: 6 14 13 6 6 1 1
Case #599: -1
Case #600: 6 24 6 6 3 1 1
Case #601: 5 24 8 4 4 1
Case #602: 7 14 10 5 5 4 2 1
Case #603: 7 12 10 6 4 4 4 1
Case #604: 5 26 5 4 3 3
Case #605: 6 15 14 7 3 1 1
Case #606: 8 14 7 5 5 3 3 3 1
Case #607: 8 10 6 6 6 4 4 3 2
Case #608: -1
Case #609: -1
Case #610: 11 10 6 3 3 3 3 3 3 3 3 1
Case #611: -1
Case #612: 9 10 7 5 4 4 4 4 2 1
Case #613: 8 14 5 5 5 5 4 2 1
Case #614: 7 28 6 3 1 1 1 1
Case #615: 6 16 12 4 4 4 1
Case #616: 24 14 5 1 1 1 1 1 1 1 1 1 1 1 1 1 1 1 1 1 1 1 1 1 1
Case #617: 5 29 6 4 1 1
Case #618: 10 12 4 4 4 3 3 3 3 3 2
Case #619: 6 20 16 2 1 1 1
Case #620: 5 17 13 6 4 1
Case #621: 5 22 12 3 3 1
Case #622: 10 10 5 5 3 3 3 3 3 3 3
Case #623: 4 20 14 4 3
Case #624: 40 2 1 1 1 1 1 1 1 1 1 1 1 1 1 1 1 1 1 1 1 1 1 1 1 1 1 1 1 1 1 1 1 1 1 1 1 1 1 1 1
Case #625: -1
Case #626: 6 14 10 6 5 3 3
Case #627: 7 20 4 4 4 4 3 2
Case #628: 5 18 14 3 3 3
Case #629: 8 14 9 7 5 3 1 1 1
Case #630: 8 11 10 5 4 4 4 2 1
Case #631: 6 14 14 4 3 3 3
Case #632: 6 17 10 7 3 3 1
Case #633: 3 38 2 1
Case #634: -1
Case #635: 8 16 4 4 4 4 4 4 1
Case #636: 6 14 14 6 4 2 1
Case #637: 7 17 11 5 5 1 1 1
Case #638: 7 13 10 7 4 4 2 1
Case #639: 9 10 6 6 4 4 4 4 2 1
Case #640: 7 20 5 4 4 3 3 2
Case #641: 5 14 13 6 5 3
Case #642: 6 11 11 10 3 3 3
Case #643: 5 19 12 4 3 3
Case #644: 6 12 12 8 6 2 1
Case #645: 20 14 9 1 1 1 1 1 1 1 1 1 1 1 1 1 1 1 1 1 1
Case #646: 3 22 18 1
Case #647: 6 11 10 6 6 5 3
Case #648: 5 28 4 3 3 3
Case #649: 6 14 10 5 4 4 4
Case #650: 8 10 9 9 9 1 1 1 1
Case #651: 6 18 9 9 3 1 1
Case #652: 8 17 10 8 2 1 1 1 1
Case #653: 5 24 6 6 4 1
Case #654: 5 19 10 6 3 3
Case #655: 6 14 12 10 3 1 1
Case #656: 11 10 4 4 3 3 3 3 3 3 3 2
Case #657: -1
Case #658: 7 22 10 5 1 1 1 1
Case #659: 6 14 13 9 3 1 1
Case #660: 8 13 10 10 4 1 1 1 1
Case #661: 6 12 11 9 3 3 3
Case #662: 5 14 14 6 6 1
Case #663: -1
Case #664: 8 10 10 6 4 3 3 3 2
Case #665: 9 10 6 4 4 4 4 4 3 2
Case #666: 6 12 12 6 4 4 3
Case #667: 4 28 5 5 3
Case #668: -1
Case #669: 8 10 7 7 5 5 3 3 1
Case #670: -1
Case #671: 7 33 3 1 1 1 1 1
Case #672: -1
Case #673: 7 13 10 6 4 3 3 2
Case #674: 5 22 6 6 6 1
Case #675: 7 11 10 6 5 4 4 1
Case #676: 9 10 6 5 5 4 4 4 2 1
Case #677: 9 10 6 6 5 3 3 3 3 2
Case #678: 10 14 5 5 3 3 3 3 3 1 1
Case #679: 7 20 10 6 2 1 1 1
Case #680: 8 31 4 1 1 1 1 1 1
Case #681: 7 14 7 6 5 4 4 1
Case #682: 6 22 6 6 3 3 1
Case #683: 5 20 10 4 4 3
Case #684: 5 23 7 6 4 1
Case #685: 7 14 7 5 5 5 4 1
Case #686: 8 10 7 7 4 4 4 4 1
Case #687: 6 15 14 5 5 1 1
Case #688: -1
Case #689: 10 10 6 4 4 3 3 3 3 3 2
Case #690: 8 12 11 4 3 3 3 3 2
Case #691: 8 14 7 6 6 3 3 1 1
Case #692: 9 33 1 1 1 1 1 1 1 1
Case #693: 5 21 9 9 1 1
Case #694: 9 10 7 4 4 4 4 3 3 2
Case #695: 8 14 10 10 3 1 1 1 1
Case #696: 10 10 7 4 3 3 3 3 3 3 2
Case #697: 8 10 6 6 5 4 4 3 3
Case #698: 8 14 6 4 4 4 4 3 2
Case #699: 8 13 6 5 4 4 4 4 1
Case #700: 5 14 11 6 6 4
Case #701: 7 10 7 6 5 5 4 4
Case #702: 6 14 10 6 5 5 1
Case #703: 7 22 4 3 3 3 3 3
Case #704: 6 14 10 9 6 1 1
Case #705: 8 10 10 5 4 3 3 3 3
Case #706: 5 14 12 10 3 2
Case #707: -1
Case #708: 11 6 4 4 4 4 4 4 4 4 2 1
Case #709: 8 20 15 1 1 1 1 1 1
Case #710: 10 10 4 4 4 4 3 3 3 3 3
Case #711: 5 37 1 1 1 1
Case #712: -1
Case #713: 17 21 5 1 1 1 1 1 1 1 1 1 1 1 1 1 1 1
Case #714: 7 12 12 6 6 3 1 1
Case #715: -1
Case #716: 37 5 1 1 1 1 1 1 1 1 1 1 1 1 1 1 1 1 1 1 1 1 1 1 1 1 1 1 1 1 1 1 1 1 1 1 1 1
Case #717: 5 13 12 6 6 4
Case #718: 8 12 8 6 4 4 4 2 1
Case #719: 9 12 6 4 4 3 3 3 3 3
Case #720: 7 14 10 9 3 3 1 1
Case #721: -1
Case #722: 22 14 7 1 1 1 1 1 1 1 1 1 1 1 1 1 1 1 1 1 1 1 1
Case #723: 10 12 6 3 3 3 3 3 3 3 2
Case #724: 6 17 12 8 2 1 1
Case #725: -1
Case #726: 10 10 4 4 4 4 4 3 3 3 2
Case #727: -1
Case #728: 9 12 6 4 4 4 3 3 3 2
Case #729: 6 13 11 10 3 3 1
Case #730: 6 22 9 7 1 1 1
Case #731: 6 24 6 4 4 2 1
Case #732: 21 21 1 1 1 1 1 1 1 1 1 1 1 1 1 1 1 1 1 1 1 1
Case #733: -1
Case #734: 7 13 10 6 5 4 2 1
Case #735: 7 19 17 1 1 1 1 1
Case #736: 6 28 3 3 3 3 1
Case #737: -1
Case #738: 7 14 7 7 5 5 2 1
Case #739: 6 13 10 7 5 3 3
Case #740: 6 14 12 6 4 3 2
Case #741: 5 20 10 9 1 1
Case #742: 8 10 10 6 3 3 3 3 3
Case #743: 8 10 8 6 4 4 4 4 1
Case #744: 8 14 10 6 3 3 3 1 1
Case #745: -1
Case #746: 5 22 5 5 5 4
Case #747: 7 14 6 5 5 5 3 3
Case #748: -1
Case #749: 7 11 10 7 4 3 3 3
Case #750: 7 17 11 6 4 1 1 1
Case #751: 11 21 9 3 1 1 1 1 1 1 1 1
Case #752: -1
Case #753: 14 28 1 1 1 1 1 1 1 1 1 1 1 1 1
Case #754: 6 20 15 3 1 1 1
Case #755: 8 14 9 7 3 3 3 1 1
Case #756: 8 12 10 4 3 3 3 3 3
Case #757: 10 8 6 4 4 4 4 4 4 2 1
Case #758: 7 11 10 6 5 4 3 2
Case #759: 6 20 10 6 3 1 1
Case #760: 6 14 14 5 5 2 1
Case #761: -1
Case #762: 26 16 1 1 1 1 1 1 1 1 1 1 1 1 1 1 1 1 1 1 1 1 1 1 1 1 1
Case #763: 8 12 12 3 3 3 3 3 2
Case #764: 13 26 4 1 1 1 1 1 1 1 1 1 1 1
Case #765: 9 10 6 5 5 3 3 3 3 3
Case #766: 8 14 5 5 4 4 3 3 3
Case #767: 6 12 9 9 9 1 1
Case #768: 4 28 6 6 1
Case #769: 8 12 6 6 4 4 4 3 2
Case #770: 6 10 10 10 4 4 3
Case #771: 8 10 7 5 5 5 3 3 3
Case #772: 6 12 10 6 6 4 3
Case #773: 6 19 10 5 3 3 1
Case #774: -1
Case #775: 5 20 8 8 4 1
Case #776: 9 12 9 6 3 3 3 3 1 1
Case #777: 18 22 3 1 1 1 1 1 1 1 1 1 1 1 1 1 1 1 1
Case #778: -1
Case #779: 8 10 10 4 4 4 3 3 3
Case #780: 8 10 8 8 4 4 4 2 1
Case #781: 8 11 6 5 5 5 4 4 1
Case #782: 8 10 7 6 4 4 4 3 3
Case #783: 7 12 10 6 4 3 3 3
Case #784: 17 24 2 1 1 1 1 1 1 1 1 1 1 1 1 1 1 1
Case #785: 7 32 4 1 1 1 1 1
Case #786: -1
Case #787: 6 20 6 5 4 3 3
Case #788: 5 19 14 3 3 2
Case #789: 11 10 4 3 3 3 3 3 3 3 3 3
Case #790: -1
Case #791: 5 14 12 12 2 1
Case #792: 5 22 6 5 4 4
Case #793: 7 14 6 6 5 5 3 2
Case #794: -1
Case #795: 6 14 6 6 6 6 3
Case #796: 6 12 12 6 6 4 1
Case #797: 9 10 7 6 3 3 3 3 3 3
Case #798: 6 19 7 6 4 4 1
Case #799: 6 22 5 4 4 3 3
Case #800: 7 20 6 5 3 3 3 1
Case #801: 6 14 13 8 4 1 1
Case #802: 8 10 6 6 6 4 4 4 1
Case #803: 9 10 7 4 4 4 3 3 3 3
Case #804: -1
Case #805: 14 26 3 1 1 1 1 1 1 1 1 1 1 1 1
Case #806: 6 22 6 4 4 4 1
Case #807: 7 14 10 5 3 3 3 3
Case #808: 5 20 10 6 4 1
Case #809: 5 12 11 11 4 3
Case #810: -1
Case #811: 5 22 9 6 3 1
Case #812: 8 12 10 4 4 3 3 3 2
Case #813: -1
Case #814: -1
Case #815: 5 26 5 5 3 2
Case #816: 6 11 10 9 5 5 1
Case #817: 5 12 11 6 6 6
Case #818: 5 22 7 6 3 3
Case #819: 20 20 3 1 1 1 1 1 1 1 1 1 1 1 1 1 1 1 1 1 1
Case #820: 7 14 10 6 4 4 2 1
Case #821: 7 14 11 5 5 4 1 1
Case #822: 8 10 6 5 5 5 4 3 3
Case #823: 6 15 10 5 5 3 3
Case #824: 8 13 10 5 5 3 3 1 1
Case #825: 9 15 9 9 3 1 1 1 1 1
Case #826: 7 13 10 4 4 4 3 3
Case #827: 5 14 10 6 6 5
Case #828: -1
Case #829: 7 19 7 7 5 1 1 1
Case #830: 4 22 9 7 3
Case #831: 4 22 12 4 3
Case #832: 8 14 7 4 4 4 3 3 2
Case #833: 6 14 7 6 6 5 3
Case #834: 5 14 11 8 7 1
Case #835: -1
Case #836: -1
Case #837: 9 10 6 5 4 4 3 3 3 3
Case #838: 8 10 6 6 5 4 4 4 2
Case #839: 7 14 14 6 4 1 1 1
Case #840: 6 14 8 7 7 4 1
Case #841: 6 26 5 3 3 3 1
Case #842: 6 12 11 6 4 4 4
Case #843: -1
Case #844: 7 20 4 4 4 4 4 1
Case #845: 6 10 10 6 6 5 4
Case #846: 7 20 5 5 3 3 3 2
Case #847: 7 10 10 6 6 4 4 1
Case #848: 8 14 6 4 4 4 4 4 1
Case #849: 6 20 6 4 4 4 3
Case #850: 7 20 5 5 4 4 2 1
Case #851: -1
Case #852: 4 28 6 4 3
Case #853: 7 20 4 4 4 3 3 3
Case #854: 4 38 1 1 1
Case #855: 6 15 14 9 1 1 1
Case #856: 8 7 7 7 7 6 4 2 1
Case #857: -1
Case #858: 6 14 13 5 4 4 1
Case #859: 5 20 8 5 4 4
Case #860: 27 11 5 1 1 1 1 1 1 1 1 1 1 1 1 1 1 1 1 1 1 1 1 1 1 1 1 1
Case #861: 7 14 14 3 3 3 3 1
Case #862: 8 7 7 7 6 5 4 4 1
Case #863: 5 14 14 6 4 3
Case #864: -1
Case #865: -1
Case #866: 6 14 11 6 5 3 2
Case #867: -1
Case #868: -1
Case #869: -1
Case #870: 5 28 6 3 3 1
Case #871: -1
Case #872: 7 22 5 3 3 3 3 2
Case #873: 8 14 6 5 4 3 3 3 3
Case #874: 6 20 10 3 3 3 2
Case #875: 26 14 3 1 1 1 1 1 1 1 1 1 1 1 1 1 1 1 1 1 1 1 1 1 1 1 1
Case #876: 10 29 4 1 1 1 1 1 1 1 1
Case #877: 5 14 11 10 3 3
Case #878: 7 11 8 7 6 4 4 1
Case #879: 5 20 10 5 5 1
Case #880: 9 14 6 5 3 3 3 3 3 1
Case #881: 11 12 6 3 3 3 3 3 3 3 1 1
Case #882: 7 14 7 7 5 3 3 2
Case #883: 5 17 10 6 4 4
Case #884: 8 10 7 6 5 4 4 3 2
Case #885: 16 24 3 1 1 1 1 1 1 1 1 1 1 1 1 1 1
Case #886: 7 14 6 6 4 4 4 3
Case #887: 8 10 7 5 5 4 4 3 3
Case #888: 6 20 10 4 4 2 1
Case #889: -1
Case #890: 5 11 10 8 6 6
Case #891: -1
Case #892: -1
Case #893: 11 24 8 1 1 1 1 1 1 1 1 1
Case #894: 6 14 12 4 4 4 3
Case #895: 8 11 7 6 4 4 4 4 1
Case #896: 8 20 5 5 3 3 3 1 1
Case #897: 8 12 6 6 6 4 4 2 1
Case #898: -1
Case #899: 10 10 5 4 4 3 3 3 3 3 3
Case #900: 7 12 11 4 4 4 3 3
Case #901: 8 14 9 5 3 3 3 3 1
Case #902: -1
Case #903: 6 20 6 6 6 2 1
Case #904: 21 17 5 1 1 1 1 1 1 1 1 1 1 1 1 1 1 1 1 1 1 1
Case #905: 7 34 2 1 1 1 1 1
Case #906: 7 10 10 6 5 4 3 3
Case #907: 6 10 10 9 6 3 3
Case #908: -1
Case #909: 25 15 3 1 1 1 1 1 1 1 1 1 1 1 1 1 1 1 1 1 1 1 1 1 1 1
Case #910: -1
Case #911: 5 22 7 5 4 3
Case #912: 7 12 6 6 6 6 3 2
Case #913: 9 7 7 7 7 6 4 1 1 1
Case #914: 8 10 6 5 5 4 4 4 3
Case #915: 6 14 11 6 5 4 1
Case #916: 21 13 9 1 1 1 1 1 1 1 1 1 1 1 1 1 1 1 1 1 1 1
Case #917: 7 13 12 4 4 3 3 2
Case #918: 8 10 6 6 4 4 4 4 3
Case #919: 4 34 5 1 1
Case #920: 7 20 5 4 3 3 3 3
Case #921: 13 25 5 1 1 1 1 1 1 1 1 1 1 1
Case #922: 7 11 10 6 4 4 3 3
Case #923: -1
Case #924: 8 10 10 5 5 3 3 3 2
Case #925: 6 13 11 6 6 4 1
Case #926: 19 21 3 1 1 1 1 1 1 1 1 1 1 1 1 1 1 1 1 1
Case #927: -1
Case #928: 8 22 7 5 3 1 1 1 1
Case #929: -1
Case #930: 8 24 8 4 1 1 1 1 1
Case #931: 9 12 6 4 4 4 4 4 2 1
Case #932: 6 20 9 9 1 1 1
Case #933: -1
Case #934: 6 28 5 5 1 1 1
Case #935: 5 28 4 4 3 2
Case #936: 5 19 17 3 1 1
Case #937: 7 10 7 7 6 5 3 3
Case #938: -1
Case #939: 7 10 8 8 8 4 2 1
Case #940: -1
Case #941: 17 20 6 1 1 1 1 1 1 1 1 1 1 1 1 1 1 1
Case #942: 8 10 10 6 4 4 4 2 1
Case #943: 9 10 5 5 5 5 4 4 2 1
Case #944: 6 11 10 10 6 3 1
Case #945: 8 14 5 5 4 4 4 4 1
Case #946: 7 11 11 6 4 4 4 1
Case #947: -1
Case #948: 7 14 6 6 6 4 4 1
Case #949: 7 22 7 7 2 1 1 1
Case #950: -1
Case #951: -1
Case #952: 9 10 6 6 4 4 3 3 3 2
Case #953: -1
Case #954: 8 10 10 4 4 4 4 3 2
Case #955: 4 20 10 6 5
Case #956: 7 11 10 7 4 4 4 1
Case #957: 9 10 6 4 4 4 4 3 3 3
Case #958: 9 10 5 5 5 4 3 3 3 3
Case #959: 8 12 12 6 3 3 3 1 1
Case #960: 8 8 7 7 6 4 4 4 1
Case #961: 3 17 13 11
Case #962: 4 14 14 12 1
Case #963: 10 31 2 1 1 1 1 1 1 1 1
Case #964: 35 7 1 1 1 1 1 1 1 1 1 1 1 1 1 1 1 1 1 1 1 1 1 1 1 1 1 1 1 1 1 1 1 1 1 1
Case #965: 5 20 12 6 2 1
