965
256000
14688
84240
12960
32805
70235461
73
168960
75264
9
7040
1960
13122
23760
60480
202500
72900
107
587234
111
3960
420
80949857
999999998
170100
16224
42768
131220
6840
119
88
1632
9100
4725
13440
47958485
361
112000
42336
42755209
9827
4536
84
38880
243000
118800
961175759
1500
36864
7025
194400
536870912
57
69
30240
641
14040
25600
193
38400
3888
7680
5616
80
105000
20000
672
47628
181440
244944
150000
24
5044
55296
3371
8772
4943
45360
19008
54
107520
1323
160
5808
2000
30030
97200
43680
6750
14700
123
4000
52
981028563
268800
32768
180
96
25002
68040
1048576
4160
20160
12240
139968
28080
21504
64
77
7500
18816
57024
8960
331776
1520
8372259
6765
9425
82268566
8
1671
12672
26
900360029
115200
2304
12348
49500
54880
94770
226800
360000
9489
224
29
18432
1001604
1440
864
24480
20
129
35
49152
42105
6075
15750
35640
176400
211680
47520
24576
9450
4312
10000
430080
7296
101250
31
22848
121
108864
336000
43200
92160
5184
58
362
67893369
65
118263990
3312
79548
235200
501
7897861
518400
9180
28672
85712697
301056
7776
1764
35280
6480
998506315
5721
33792
103
17640
10
2560
2707
12000
53760
96000
816
69120
630
3696
127008
10240
194241
282791
12096
1530
71805
61440
18720
18
56448
1836
38016
3528
49896
448
17550
87480
5625
468
31590
391
302400
50
2730
688978813
8064
214573
1728
99000
25
15288
2097152
23232
1680
196608
135
646
459270
4620
9216
2160
11664
78750
482421315
1056
204120
294912
257
3780
15120
3120
81
145152
510205
215040
2250
7785
46
71
345600
49
44550
6541551
8000
1134
221184
5073
8015864
1848
18000
1904
35100
110592
39600
2906162
30
29160
10752
57344
67584
45000
27456
524880
51
474
395
53
17136
209952
233280
92317161
102
22500
134400
64680
89
660
86400
5760
42120
95256
1249
41580
954158175
7938
324000
131980
64512
172032
112
69888
1920
23
11016
6399199
5600
441
106
3375
121500
110
71280
8976
16524
115
1001
24000
37440
44
33108
288
40320
70200
155520
19440
95
41600
59
101
5400
7392
78000
486000
16128
1584
473
12544
43740
88704
40824
98304
559
11085765
24696
74088
10368
1615
3
29484
17
47473
163840
524288
7920
26460
792
14400
5280
432000
81000
4173641
2430
63000
32
48510
491520
4
80640
949106497
8320
142560
2736
91
42000
4480
35503
34848
49920
576
6
4050
1944
66528
442368
182250
2520
17920
72576
70560
14336
56
100800
96228
90720
86
75
33696
81648
2940
2025
614400
15680
120000
6720
63504
11264
7390
22950
63360
546
3240
2600
3509575
912
128000
114688
5767201
8424
29400
133650
281250
31500
61966
17280
7455307
118
14
31104
92400
340200
460800
2340
994617
34111
673921
33600
14256
8347
307200
58320
198450
163296
36
64800
105600
50400
27216
5520
84000
67500
9000
8100
746803744
94080
4896
5601
967669583
926315427
2070
262440
665
89100
123480
193536
29700
240000
49392
24300
23400
987
216000
32640
12150
90
983900459
84480
47
161280
5376
93
63180
144000
180000
472392
83
126720
13680
16800
245760
2200
34020
27184698
169344
457481
1741
54000
11
3000
142884
19
725573
6930
29952
27
54600
62208
64152
6300
4733
519
957262828
7200
10500
2618049
5346
98415
124416
4320
21840
1000000000
1
186624
74
13056
934
22
300000
810
216
60000
9504
405
50544
1215
40
174960
409342369
349920
540
20328
39936
15
5940
64922375
50000
225792
5361
141120
1824
65610
34
813
16464
34944
346742385
23100
480000
21870
1600
8250
32000
2403381
655360
108
217728
11232
19656
3584
36283838
87
58800
375000
9900
19200
25920
13
8400
4560
67200
189
104976
1260
105840
2640
92
18240
6552
131
2592
3072
28000
46080
4680
4410
66150
207360
517759
25490988
393660
53940
179200
70000
504
12288
70
696
373248
640
5304
2376
546750
3360
2
9409159
37800
30720
6804
13230
70400
21168
10710
76
998244353
65536
9408
4675
29120
184320
28800
16380
32670
8208
13824
126
396
59400
3024
44800
7290
4374
2720
3456
10260
5040
699840
938017885
1100
4914
5200
32076
7056
697106497
129600
368640
41472
2100
7389
110250
82
99
476014
56160
4752
52800
192000
291600
85050
2400
124
47040
7128
9600
3864
49000
125440
5250
281
466560
85536
31752
33
1701
322560
4200
408240
259200
129024
99840
22176
168000
21000
21384
7560
162000
10080
922505446
786432
300
622080
37
21383
105
15552
625433749
5
22464
73728
279936
11340
94
98
314928
3264
432255
552960
999999937
248832
12870
1386
4608
21
8660
31200
323
2268
85881
34300
40950
24192
1800
145800
122880
22680
782
11000
94500
999999999
83160
4488
567
100696425
28
900
23814
116640
393216
79200
3600
9800
91857
16
69984
104
364500
151200
8748
1008
165888
48000
236250
51840
8550
4539685
5120
52488
66
1000000
172800
81920
132000
241920
77760
48
128
5657
21600
4788
787320
97
4032
10560
75600
633
54432
20736
306180
12768
15840
16200
5824
138240
362880
43
78
8448
56700
4800
17424
58054077
3564
103680
1817
122877509
3900
24750
28512
8316
60
26880
15400
270000
33750
29250
3645
74880
25200
33401221
4655
4158
3168
112896
52920
8624
916855204
322081025
388800
230400
4704
21952
3510
50688
904152917
20480
72000
27000
57600
86016
23040
16000
38497
2016
34560
38
1890
115248
113
14560
12800
55
15876
164640
14112
621008
23115571
27720
127
989447237
79
1512
964532929
17820
136080
10800
42
116
13860
59136
5000
102060
157464
61740
16320
201600
72
96768
252000
6400
589833267
31680
986129769
8826131
192
32256
118272
13500
82944
84579
583200
76032
51030
30973
8640
85
68
108000
48600
8087519
45
109
9240
93312
57624
288000
18480
117
44928
276480
170
32400
125
95040
971866761
135000
20592
63
653477439
2310
805306368
768
147456
1620
5297
700
2688
969
132300
6037
40960
122
120
76800
200000
19800
89600
46464
3157819
48384
2156
67
48238
311040
226151256
153600
6000
49280
414720
405000
23328
150528
2431
2352
62
7
2880
