251
0
97067
0
87582
0
10259
0
84794
0
41575
0
15046
0
67597
0
12389
0
58046
0
52823
0
29030
0
26575
0
67474
0
87529
0
68432
0
81932
0
43650
0
93606
0
9147
0
97470
0
65195
0
46384
0
53887
0
82800
0
28422
0
16614
0
99829
0
78541
0
35352
0
40733
0
17380
0
37351
0
52277
0
18164
0
59406
0
94139
0
84577
0
14601
0
42509
0
80407
0
37023
0
50163
0
1962
0
97452
0
68326
0
98041
0
43821
0
48430
0
3740
0
38922
0
60080
0
98267
0
29780
0
22856
0
86054
0
64645
0
6682
0
94373
0
44812
0
67528
0
12077
0
15809
0
100000
0
13661
0
63006
0
36409
0
62094
0
18902
0
6426
0
36000
0
53152
0
87564
0
19080
0
89479
0
98181
0
86552
0
35130
0
55929
0
54014
0
72078
0
55780
0
12712
0
11636
0
53596
0
61232
0
16042
0
16076
0
47324
0
41100
0
41030
0
80663
0
69698
0
56987
0
22109
0
74908
0
5485
0
36680
0
85778
0
94142
0
79677
0
47681
0
61631
0
856
0
87784
0
56474
0
91865
0
6366
0
81006
0
88372
0
91796
0
62922
0
71116
0
52901
0
36961
0
8346
0
79646
0
21341
0
13945
0
36410
0
32081
0
64908
0
47604
0
46122
0
84842
0
82006
0