337
0
3845
0
20103
0
1321
0
3070
0
11398
0
19792
0
89381
0
93809
0
24161
0
24590
0
16996
0
57530
0
7454
0
45452
0
93749
0
68244
0
22098
0
56048
0
82918
0
72256
0
10739
0
66821
0
84964
0
83818
0
80194
0
69671
0
86135
0
12339
0
16203
0
75075
0
52449
0
21623
0
80193
0
79006
0
81332
0
98265
0
88549
0
18374
0
11965
0
68411
0
38812
0
2568
0
7725
0
76932
0
59006
0
58326
0
56135
0
46603
0
67727
0
8536
0
60315
0
61434
0
27555
0
25736
0
75266
0
68357
0
42145
0
38756
0
27396
0
54407
0
43297
0
37446
0
72863
0
87555
0
15156
0
86772
0
29814
0
86148
0
46034
0
24596
0
91438
0
99597
0
80120
0
8422
0
69964
0
5420
0
35944
0
54268
0
75749
0
71150
0
30494
0
83643
0
9438
0
58709
100000
0
55035
0
5443
0
40520
0
95049
0
78626
0
16313
0
79047
0
15423
0
81009
0
61489
0
97683
0
1144
0
41449
0
46580
0
51748
0
93442
0
83168
0
61023
0
20840
0
42417
0
74714
0
24368
0
66875
0
98871
0
17462
0
65624
0
68669
0
10699
0
86481
0
73879
0
38123
0
40168
0
78498
0
87410
0
43535
0
38039
0
56076
0
305
0
43094
0
33680
0
52356
0
35574
0
96696
0
19040
0
57294
0
60430
0
89033
0
77657
0
26463
0
74080
0
65585
0
6204
0
59905
0
86801
0
34141
0
38627
0
61145
0
18845
0
25600
0
46586
0
57430
0
15392
0
89341
0
36292
0
86587
0
74919
0
93859
0
51153
0
66916
0
93390
0
33101
0
78954
0
7292
0
59669
0
1708
0
63479
0
8944
0
88203
0
81784
0
8683
0
67600
0
17427
0
97598
0
9890