647
99999
58358
93535
40554
84098
20591
72308
35645
53509
77401
96397
968
7073
87446
88492
16490
39133
47828
31242
61659
74622
85827
75030
49973
90826
24511
32249
58156
62916
47244
8170
95370
30313
54981
92932
57575
63671
80196
22545
3190
12532
7530
39530
39312
22509
20130
20802
61180
79130
36205
43235
96304
90623
56233
90396
48219
37813
18099
92652
82530
77721
38374
20421
84931
37537
39476
74526
3442
73804
1065
94502
73409
13635
4909
94821
50490
14134
3252
62778
96616
13724
95473
95352
66196
14540
16295
46682
25167
87231
9072
68149
78299
72045
5104
97355
46304
73535
18734
83437
87881
57451
24874
82937
65871
19262
28467
3881
13079
18510
29744
52724
68358
59828
82177
7582
85095
78885
55446
45672
6084
77109
57915
70860
90589
25190
54530
91064
91937
61231
3748
26482
58088
10298
95211
66827
27935
9553
88258
41832
79624
29025
1426
35011
88034
15244
21064
7924
97717
73785
83503
25475
70160
80059
58079
88057
68481
97255
3137
35414
35277
37422
41457
29117
35169
86538
8982
91872
53782
97349
73060
17765
26098
38741
94496
57056
84040
51128
59174
56513
3838
61042
21114
59939
7019
84378
26201
21128
4431
12405
73078
89707
83458
55377
23977
93164
84854
62675
84330
43458
81673
67782
47079
38590
82375
92450
67397
14339
9419
72839
93067
83998
92764
83357
60301
9923
67796
55212
86024
71614
47987
82495
15301
64458
56518
81102
47618
37232
19166
94784
9074
91596
92745
13905
94076
74849
5457
95178
81506
33602
20638
81046
48998
97717
70195
83628
2454
78801
10311
32808
23818
54108
60902
37306
36154
34882
25060
63108
82838
58601
62069
59412
61718
94153
71946
37520
3655
92553
5786
28504
31285
21273
99670
57344
13794
24203
31342
18425
57460
1102
7958
5371
20881
14659
18321
65319
91617
9418
54810
1906
1370
61456
75956
25438
17502
24836
59131
15245
12963
53243
675
65979
36670
75825
46791
57126
34082
51715
42200
48759
57725
1181
78387
4901
98842
67262
90661
21682
27868
32641
99066
74065
84421
47931
85797
21785
42974
9266
51622
86391
53730
72785
45862
3076
64214
73080
55598
79461
68911
89529
56963
60426
6905
61624
42449
28119
1917
62158
59919
44130
9487
45379
70988
14489
64183
79745
83647
43184
68671
43402
6329
28724
22713
60621
2189
83614
26248
91065
49102
45551
63877
3386
59080
89206
6863
60520
29489
32633
91630
15607
76999
91129
43392
46885
91585
77769
75931
10827
72102
79928
80486
8306
66586
59182
16790
25806
29738
85605
94450
71198
86285
47287
29746
89910
17244
92293
88875
26946
86896
10814
62956
41339
57480
89745
48617
16809
34203
7720
79117
99393
39289
40745
24989
65517
90295
27462
21919
53348
12208
65804
41796
43892
56959
33397
6833
19609
2663
82341
90147
96712
26141
94999
54279
5483
74657
89358
15938
11707
90797
18969
9544
21720
96420
9925
71125
38877
88561
58039
34753
58538
64240
82971
97877
46922
16876
4335
81196
39799
82097
75739
42451
55116
62715
62220
74404
91813
76741
76503
36301
74448
51285
46621
12906
65288
45589
60545
70031
63459
50640
77378
18480
32052
6804
85834
11881
51639
54887
24118
8382
61422
22917
91007
56805
65712
89252
52607
13814
63071
3604
10503
97352
98582
36388
83373
16727
89229
32520
17596
89198
79872
17114
53140
50446
92178
83542
70011
10079
39615
57718
15623
5791
78678
71606
69689
33862
37744
3589
77325
70208
47316
19534
46317
31023
28097
59261
48278
11377
88394
95185
5261
13637
24471
88423
51835
1325
18005
62918
81936
73028
89553
96267
92873
52821
85794
95431
74735
86544
72238
28899
66808
52718
38189
54667
55267
28710
63969
28122
62501
66013
67178
4687
3826
17420
88557
85349
28226
84857
59427
68803
37683
76590
51711
34155
94368
26605
5321
75642
64418
55708
9177
93349
64123
76348
61222
2593
96257
43222
35936
99595
49574
20883
2974
46726
81052
20897
72174
18367
46779
14700
1558
9910
59000
95042
19926
91526
59462
46505
89516
36354
76091
42190
96616
79780
49188
24983
63974
5194
6786
59308
93821
28167
87651
9320
89247
6176
14268
16354
99999