575
99999
40497
21952
26028
38773
78627
63617
66886
62917
84221
60766
40761
57093
86921
74766
8965
80414
66996
30307
61527
92657
81638
63269
1876
46278
52573
3214
60848
63799
8934
31551
38426
82031
6823
26774
17179
63278
69414
51008
49836
83630
9643
53211
41863
51932
54366
33373
54984
20839
44691
9377
94495
70758
78554
24958
76814
37052
46105
58491
65210
13890
42885
73471
8213
84535
81610
74107
90862
6899
89218
31251
22218
15927
77845
26742
9248
63582
48067
50651
4694
76546
45417
57055
16914
928
32736
81197
85403
77763
97692
83430
67386
67234
31801
99107
27177
55672
37528
19661
98490
86522
52819
58630
21611
36872
78977
46808
48211
16420
1154
79246
80358
38690
75935
77415
92480
5899
63785
41131
29627
80193
18574
62197
94327
50167
8788
7539
1443
29321
6782
64302
45861
96995
40275
15503
58998
54246
15432
56811
64302
7005
26793
23657
55062
57199
64840
83514
30150
97533
87752
74414
85651
69049
76353
44832
86442
20992
45770
81940
40831
80182
37609
62571
88576
13686
23205
55369
19393
76664
45854
83349
21272
4968
98812
39984
58282
25586
86179
5153
79717
22016
18307
58360
97954
36023
89669
84691
88895
25159
77135
11943
79148
78217
6691
13379
94485
51164
42960
38972
89413
89307
67382
72302
24822
59298
62426
21933
83641
82074
51449
49124
43357
71989
42769
30842
58013
77622
37417
55577
46591
10448
48680
70495
78834
70615
35582
49822
66226
12501
68739
1098
7123
42549
9338
76757
44126
46928
50674
48551
49560
17212
73992
16662
20368
77903
45039
54761
12353
44367
2043
662
1046
90710
6956
50647
52561
87600
29524
97663
31626
4419
18868
8521
31016
5593
13798
12337
12851
91210
47475
70734
32284
26758
43010
56096
47413
50292
6319
53615
81139
42105
91632
98474
39382
11606
92357
19477
75839
46268
92106
61108
513
84243
52414
9838
23632
22400
77924
7029
42373
24371
77295
79415
56856
64366
29449
89153
46747
54068
1099
69803
55963
51181
86080
37290
57749
87503
65667
39971
6381
11430
22114
20654
64158
91071
59505
94884
19252
29582
15433
50176
21424
32254
44390
80320
9542
54620
60884
20273
3222
71989
61286
7932
39430
28032
67117
23824
55004
38817
15649
90433
57882
40045
51451
49581
29471
9122
99231
4331
53342
24606
37228
76260
24037
76963
99180
15477
21111
41495
95780
17878
74583
78555
73421
15
26769
80511
41760
97599
12841
18292
71050
33056
5148
89785
65257
6543
32404
28827
34358
38293
44937
83340
93509
43819
36094
62062
30816
79529
79041
55051
5138
42399
40821
95088
85117
43199
36320
12883
91299
42590
43112
5161
77779
34733
31305
45145
1433
17902
76842
36764
65285
45992
70105
75187
9904
8745
3718
90086
74652
33340
11917
43364
79446
94559
54455
11980
29483
725
66611
4979
54665
80627
58652
67920
94221
35240
84616
79395
1058
76982
97820
7225
84473
81371
97890
83663
90818
10745
71214
78080
15824
23409
35696
34709
83517
6855
94930
10200
46982
31113
8591
62781
73032
48254
79394
90666
29737
8249
37585
54984
9992
23166
97123
69681
85563
59733
97585
83971
90257
40734
54269
91019
48558
56658
15715
58864
42614
12517
40957
33675
3701
26582
95966
29931
57459
14436
89917
69228
56227
21944
12920
9498
50630
84239
96033
53155
55645
19014
71386
93955
80416
13911
2072
46871
50973
42268
48760
90959
44922
20538
54388
74960
8663
56326
66532
9782
92870
5700
17574
32573
39809
60183
10399
27106
66582
71019
76442
88760
70368
62454
34372
8619
65109
55632
31435
71197
86025
95770
9534
37560
96289
43111
76296
94303
78074
69813
79163
21144
67321
68279
26652
33936
54028
99999