862
99999
10534
48627
3890
78847
53569
67323
67094
21353
97834
50802
33378
7599
37500
97909
72803
68501
76422
75837
75571
92295
45838
16153
2276
68499
93940
16666
43599
96374
54872
50231
96181
16273
55340
72374
99065
48682
91007
79933
14384
7688
52964
3117
19559
22303
43272
5896
9339
20723
1492
19307
42
32231
13127
12860
19299
6978
62615
963
99988
75035
78251
31288
31088
4737
77971
11732
47753
50695
9932
4048
78144
52776
20032
63412
90421
70509
35038
87412
52329
22009
82969
66772
16350
54025
2042
48554
8562
58062
44278
19773
76378
21876
85580
27167
13268
54081
57112
15873
7804
11100
32296
85388
57789
46679
69173
53636
89030
35072
80821
80424
12472
41932
47636
25819
70475
57359
28104
43520
85044
67960
86527
80790
24322
28084
48005
30057
57583
27605
15835
80758
17522
14087
17571
60393
8319
56773
10766
92982
42461
1055
23240
58941
15859
1549
95326
59081
13112
47218
3474
72158
36822
14599
99361
82924
36715
51095
4171
77710
7689
4669
55808
88542
67581
3006
27087
20483
9189
30884
86567
97293
83433
30761
77933
72497
65162
43994
28425
33702
17345
89833
72526
85543
24461
19860
14126
98968
8094
38965
87425
73706
32653
74422
89132
56456
77213
96914
12639
66293
98246
73346
63891
36236
94709
71107
28121
58344
77069
82866
16896
89249
64261
28072
73769
93646
73909
19763
15357
76553
47185
41113
52209
10385
37081
24558
56282
39392
86021
85980
90119
39086
59111
7249
97508
65837
6284
82383
26090
90613
22701
56343
34905
57244
25650
36389
33508
79551
21096
2136
46337
7180
62490
7471
18709
35583
54269
54443
89724
8481
648
17167
85089
6438
58466
98568
58916
58595
80804
61896
28000
79272
14981
88135
89025
2250
95378
89648
20618
39773
20251
40536
76186
35771
12601
5150
28911
19510
15325
6034
33844
34436
61565
20690
54660
83272
24266
42844
16921
38661
10998
25114
20006
91775
49117
14492
20658
12970
42185
2182
43555
54996
1344
97226
10223
97413
65540
76188
83995
13753
20358
55457
26671
20409
87783
2823
28109
23000
7851
56274
47517
51668
95570
92545
95330
35499
37763
97859
10096
80933
60017
85453
9942
48454
74466
32959
56726
2527
52357
8504
63952
10081
6496
34173
91220
32736
94256
22571
55691
29660
82076
38097
67723
33123
87644
58842
8559
43981
60460
76091
89781
25367
18896
42604
50198
96367
12993
19342
37332
45178
92952
52866
88015
99941
33282
49315
96196
86673
79131
87120
31633
32557
53765
57509
80506
72905
92640
84250
3930
53082
1274
18884
32622
99687
25650
28762
21092
58900
83536
77329
96478
76254
75086
58997
95276
52205
37537
711
46631
45084
25442
15626
28024
36123
570
83350
19362
89932
29369
37758
90210
92484
77715
44041
60076
44408
51107
22515
83692
66724
69399
35695
24877
3273
5528
20366
51959
76226
82827
11895
29994
66527
48869
58907
62433
88323
80893
20963
35237
58747
60063
82899
76442
71844
7139
24971
64881
39998
10613
29137
8442
64315
59487
29699
37431
19713
7513
65605
56747
53880
86894
36970
46305
77389
27097
14120
79513
58382
99860
71094
61441
68991
2215
71776
78317
4761
13473
42831
41175
12785
89818
34351
64541
9568
7322
71827
53057
40198
49389
94740
46100
13990
68992
63361
10981
48698
50965
69611
54914
37078
52695
4648
98519
69553
53731
82453
46671
20697
86993
39888
41381
86756
18392
96874
63520
75307
61822
78237
82148
55476
68857
79344
17042
74618
11730
58235
28425
43826
25694
81853
34158
73173
71100
22066
118
99942
98217
29922
7551
77770
25650
54740
37769
15635
71921
19189
75567
24574
14091
46957
64752
46877
25712
34322
31814
18880
89576
32817
14304
51696
65697
94139
51046
4129
45137
38761
8963
96784
50144
52113
6442
9607
85530
79058
20219
83186
23187
33110
7932
54930
47919
88176
77218
54563
85957
13203
73496
79112
45157
20189
66687
51402
89551
22425
87494
19760
47484
53228
10477
79994
7037
6385
85540
71950
73576
9124
52593
33892
85536
50313
17087
29388
71960
12803
76462
63110
61294
29915
15851
98054
1442
74230
76420
18978
20797
47579
23434
92948
25492
37696
61500
65055
81033
21986
98690
75723
87078
84780
71169
10026
23263
94273
99656
45333
90675
6051
30232
51451
90389
99261
31730
21178
2076
12198
57259
63490
68120
39339
60262
13465
81141
87761
32891
41605
45959
33519
36958
44158
17542
66648
77350
77190
39738
35838
76402
75321
56534
83571
38301
93858
96540
71516
64541
75812
26946
2082
45499
94516
34735
32204
12599
43065
64048
75955
41412
81359
4116
24873
40156
40794
90464
54152
80094
26852
77895
88101
29250
35085
31533
50950
14642
71859
94708
42009
69034
57395
2690
65749
62311
26903
5053
63168
90884
23028
23391
64999
36177
96977
74531
43360
13812
2133
62927
96135
56195
64841
18468
44823
7370
23595
73585
20601
91698
67947
66289
79587
59473
10011
60845
88363
30606
82715
78941
22818
74025
78514
81931
26553
60910
63537
93639
71580
99467
25069
79164
47599
52727
37275
21473
76858
44731
67906
2865
59484
98400
51182
18125
84197
92974
71107
45020
44735
9492
34892
49905
52698
37433
33740
86292
79467
72148
60293
96817
50115
51095
28340
9968
79001
26542
88351
67809
76048
53672
2460
45376
74926
84673
78234
23558
27240
15882
46333
53814
28501
78062
89202
82041
60905
10244
41250
8990
18934
99897
93788
89045
798
80757
38946
23259
92836
70311
57077
92799
63329
16534
45120
79731
27687
77976
54374
73260
23381
99999