252
99999
44613
46832
92970
64051
44462
10392
38673
17731
79157
9776
97144
62536
23311
162
39226
79962
51454
62635
48610
6424
25438
60859
59734
86784
41243
84756
62621
67910
84957
5964
59897
4248
24324
71147
80025
58228
31889
27687
50099
23959
36272
41024
80351
82858
37490
74111
90103
98499
87769
31239
69965
89466
82971
75734
5935
74746
58850
92519
83673
89742
43456
98467
14339
95152
28880
50388
85754
36771
89747
76323
93184
90044
45683
52487
45575
99027
14511
71488
87760
69535
55379
63072
12200
32020
41229
18858
95525
33295
60790
9781
99702
98607
16426
39827
52152
19409
82553
25048
47420
15072
80664
61874
75220
62975
75920
41220
67955
47469
48873
38357
17848
9132
14624
46103
40870
65583
27739
3138
7212
24168
31658
25196
7365
36393
62839
26371
46277
28433
37200
62043
62347
38446
71181
19515
2959
964
21719
59728
21428
64477
60907
92836
70825
42070
27035
78119
4458
50495
39826
66196
43909
23477
42965
78498
2571
4090
59980
91658
6553
55121
5209
79101
55973
33729
81728
10633
62509
37854
24602
50463
81795
79609
44712
42993
31708
15098
30663
79306
40468
60009
46094
37388
58713
28857
91812
26871
68167
71034
14838
16001
53637
65718
9849
17704
89489
26570
19660
76921
34988
18129
6301
86394
18766
61324
41151
12350
92269
59324
59790
61363
22537
32877
86862
97218
77612
52053
30735
80045
96919
85240
32438
33919
25433
61901
44124
9846
7685
4673
85800
34286
70388
35894
76377
29675
2770
8514
51753
83003
47231
50322
51355
97065
67993
83014
23257
7201
38483
60126
60130
96525
99999