816
99999
88475
96447
89588
50278
16612
53868
33780
94098
66893
36790
66401
4619
3491
49415
25642
85977
97863
75358
62272
46561
29786
86093
42822
20239
43295
85884
46316
15120
81079
65738
21274
66876
77164
15826
45041
84585
47631
48145
69839
3532
12128
6595
17791
31495
66329
95046
16686
25973
6153
93135
51468
15611
3840
84619
75878
39336
9550
78692
31341
86101
92997
79248
76651
29718
21589
47621
59389
43985
51761
11607
53525
35533
89202
87835
72608
16754
53014
24697
95879
46715
29569
53218
30833
22047
55776
92565
97385
32296
53843
74687
43900
78852
68177
81498
54951
93833
76216
31277
79387
34254
77169
94090
12700
19937
73443
79070
10624
63931
95343
23997
35267
99749
63374
93226
11039
92153
87504
14997
36886
47918
79024
74504
32671
61651
28499
65837
64168
8929
91089
53758
26656
83360
84545
73069
11800
31417
22670
40503
47700
79688
83852
6645
51869
94292
25492
73028
11807
71272
93493
2123
12367
70173
51248
15117
52211
60931
49529
45682
10990
97479
51547
20450
43497
16306
96276
59690
90021
27542
76490
1478
65933
18677
84798
72858
46774
97837
29645
39612
23236
35467
79507
5459
50012
33311
25111
97979
36384
81648
69428
96128
42933
62418
79501
12233
88302
70714
52700
58827
2390
63018
46970
20314
10170
40124
21771
67499
14082
47323
17334
28818
51844
19928
3945
75556
7938
62874
85333
58068
78803
57654
11243
12797
67874
90563
87965
81685
72519
12893
16348
39150
96538
18820
21101
77130
43866
30298
12344
81993
41959
20279
41242
26876
70611
52200
45035
38932
55997
68988
18901
13365
85066
71252
55040
33640
79183
65597
71112
82164
24702
12325
89323
54365
52327
54819
2452
94102
87215
87984
37174
41758
40908
1818
30369
74606
4647
7285
59172
26612
4612
74254
26410
35724
98769
51799
6565
46840
71146
99699
38035
56492
78491
56190
29486
65308
36781
86494
34788
35630
99347
69920
56608
12496
72377
12138
97785
51305
94215
71161
40192
11694
19926
59485
74606
74350
7361
50626
54204
90646
2067
70530
79078
57988
24149
78658
35442
97440
36993
31936
64569
85717
51860
49149
91935
21728
27004
33330
29896
50303
46252
84750
837
18519
54951
44663
89661
81867
28988
87594
83820
74862
39521
59937
51279
61068
48760
11567
52327
633
95306
10012
17383
45498
41018
54932
55305
39622
25199
70741
58672
90689
27463
40505
38359
72625
45480
25130
47447
23849
24321
26382
78830
56618
94197
2764
22731
63931
53011
58003
98868
40202
10231
55522
38869
49904
40924
97419
17727
78718
46899
21147
85754
90441
34844
53044
22276
73960
98624
69867
89428
953
38529
21143
95851
11241
65162
67189
75803
18392
91061
65166
79720
39888
71187
93535
76528
13012
77337
18531
75502
29960
93338
20751
90455
25727
48383
24048
18077
81380
37636
17899
67328
50963
44322
86276
82792
4706
45101
43158
4516
52156
17341
14443
36455
69844
63452
18598
87099
74918
39506
76234
68255
96801
67157
93998
7658
78648
11222
44888
89658
32003
73154
20065
83692
68442
61919
62617
11614
79517
82574
7650
81807
55195
73434
56604
4776
5588
44562
29860
36734
36845
84806
26190
63628
6518
1498
80451
17071
35779
7334
88754
38492
86012
1060
37029
50467
7761
16815
50101
17912
67226
12226
54183
57174
19017
34157
35922
87947
82091
96693
51442
27979
74178
90010
6
41941
24573
42126
71928
2643
78568
85877
15035
3263
17680
51741
6957
81667
21053
23535
56342
56817
81392
28928
89888
23087
52502
21148
68582
64322
829
95531
30112
7109
85418
24706
53673
75358
76338
12419
24027
50530
45117
30819
59579
52021
59805
10526
42882
38316
75477
51870
54042
3889
7122
3749
55719
49172
85647
42172
7963
91691
32039
20620
14486
7428
88609
36977
47788
5515
42096
39122
14831
94953
49469
71380
1451
82686
92991
97054
78708
68064
27160
5281
70380
71112
60984
14819
10561
68778
25743
20837
76216
90629
77032
95419
8108
65723
75128
60772
70577
7620
55796
62870
77313
75249
92017
18957
30777
45679
27594
61173
89806
79884
36329
82685
55669
79009
52608
98886
79055
95000
76636
19429
50867
40385
70833
34588
95011
8323
21025
24699
70686
41948
12861
40781
57426
38885
27749
66237
68427
43894
68470
26963
74992
43230
34740
54381
41267
22349
71718
94689
33997
62938
70163
99707
67311
38057
11108
54511
59896
32493
34627
591
72418
70865
52875
20573
84200
88297
72016
49136
94975
15142
40336
16013
49123
18779
4371
23149
20309
89646
39049
71079
34643
89669
94041
18930
31345
78723
46176
36370
2077
41936
47555
66082
12130
36282
50442
72972
91712
64166
52183
25820
85346
30291
233
72032
19745
14129
68134
58161
1157
7595
33544
46570
81103
32654
36121
31945
12235
79250
48318
43832
7893
40300
5421
34347
44029
93781
28822
17197
77836
28668
64493
24098
18346
50972
95005
30411
41299
19515
25617
78320
54240
35103
87533
6253
47492
53338
20541
12474
94434
81394
21803
6605
11501
58207
51280
64926
75171
75451
62804
96552
91414
47900
8942
13798
94975
845
74149
5433
73777
72565
58268
85824
41021
44833
21798
23548
5442
52321
12785
86309
60525
25327
2141
69724
75445
18298
62264
36036
55400
63063
27654
99999