663
77121
29628
78995
61952
64790
63020
13810
90565
73951
9841
9828
40095
38103
57785
60452
53278
79860
8743
69330
9815
29603
88178
69774
66029
95649
85047
18053
46452
90519
86293
21749
51088
90919
29920
31497
24151
87229
27014
18943
87309
71203
35017
5143
72002
6359
84467
41062
54803
13535
56236
96834
56308
35167
36205
80467
68884
43199
88917
75627
36098
73653
62852
72573
80387
53409
93525
5879
29986
57137
15076
99102
69584
59595
72959
7752
80536
5614
59896
95994
86855
48019
10231
48135
76300
52524
7394
99627
71104
52225
7922
51998
52827
83925
14631
75287
62563
30599
81151
72106
75107
61734
9752
46596
60318
82633
64673
87253
16526
35694
40224
46393
51404
95198
27878
75631
23137
65098
4962
28088
96577
41677
42362
58970
16414
90758
79629
55145
19671
28202
12073
80854
8160
994
48015
27971
76289
15914
97255
55343
49097
82930
42237
95586
12924
62675
2975
6998
50856
3010
62141
91660
75904
83539
63961
96280
36392
80327
83827
12914
69986
56024
74256
6575
16616
38769
10827
43115
73488
73524
92832
62052
51640
43093
44330
36689
53445
65985
69821
43124
47853
11673
38908
69
29093
41621
55719
75124
67012
95038
14248
90464
59393
23510
68018
77743
68361
5270
87947
83887
68142
96698
60755
1492
20434
66309
34478
99503
90331
48542
51039
69226
97680
57926
84257
12492
37759
50775
41796
89745
88389
37386
73438
29853
96169
62589
68720
4953
55537
61854
3884
18930
70944
7263
23459
43930
84999
73183
15485
1229
73327
59224
48323
91964
29762
83152
51452
7391
39905
82816
29324
41779
33343
79995
69499
75360
98509
10516
22302
21495
77799
82274
56928
82215
96179
88504
33159
46394
23403
85635
85791
12565
62196
39589
96647
61358
65905
86193
41762
43972
67937
66106
93009
94296
53495
10742
84961
12115
99590
48425
68445
43308
69727
37658
56845
66561
75710
98847
4605
23287
60774
61283
10298
15773
75377
59575
60220
75767
89901
90910
24828
14741
16737
58510
33079
71141
340
52376
5012
71176
87632
71660
39182
88284
1565
95392
77242
83461
84468
69037
79426
36856
25314
39644
52744
36987
9338
79379
13616
33924
42883
81424
54877
44830
3833
52864
21192
68399
54198
97028
51171
17747
53085
22294
41393
6976
2827
99691
14406
17292
36381
38100
48841
19527
3318
66974
77788
95395
72559
97864
50188
81655
4541
40619
47206
80075
13535
10881
92795
27712
10979
78631
32136
87777
44372
32964
79682
99180
74441
99433
97460
59473
30482
23543
32396
26980
23752
22164
88024
20670
8347
46506
34268
27647
3124
37754
72545
30456
84290
35513
76330
32365
66411
64399
5563
58266
33849
75300
29433
64048
53830
56212
21640
35311
33326
1754
43531
47359
83235
25945
81654
53917
48265
83043
58388
20279
57039
98804
21548
42066
22062
37965
34144
55956
51328
3645
91364
84781
1088
85545
79950
38141
21366
6944
43491
37799
37574
70977
91543
11086
10656
39175
53531
86323
30743
33285
85710
43859
5286
33226
67357
23950
58109
51570
85857
46768
26104
40618
98611
75226
22871
10868
61376
74234
56510
11699
79457
45612
28675
5288
59985
34140
94493
20872
13156
7884
46074
23482
42730
9762
41686
86823
89198
97338
5398
55727
77459
79953
50106
31287
60329
59350
47246
36791
20262
57244
2242
75912
12588
53555
6446
38763
86065
42912
34089
1025
24997
72061
82483
63872
2060
61878
63395
17410
61073
64360
5128
19319
68975
72896
33437
86904
6661
51149
19656
82234
41272
86746
7471
84781
63750
35950
21400
64840
11719
92360
44141
28648
22305
21641
32990
59591
99228
85470
19815
46776
48685
32861
24633
84593
25426
47960
64422
56134
19854
92634
93546
64307
59243
17073
19793
19514
86883
88951
29001
77074
4225
48899
57737
45963
11019
35327
30553
61339
22208
34656
2389
93628
12874
41052
77079
62488
27258
29463
21133
33992
91602
35925
62759
82988
19175
15166
27741
21304
46675
79526
79315
78797
12162
49756
21884
52824
3700
55485
51985
26338
95364
57235
73722
97186
67090
95261
131
57554
20846
2340
20099
45913
79910
30825
63829
40970
55112
85307
31454
91404
8755
54027
50949
2844
44254
26827
90129
31682
7439
85088
91889
96213
14693
45010
28133
25462
47681
66551