409
27743
52895
37135
44124
49645
99146
63990
19897
61325
83619
94288
34736
3763
35924
37934
88216
32039
29019
24460
8724
79591
63755
52729
37721
24571
22356
38514
87270
8857
64375
61844
92861
82850
2447
48075
84120
46246
1208
80504
91804
94750
10263
69245
51122
71280
1004
12045
36709
67955
86404
7276
69714
99984
30945
93596
56547
2877
81662
29178
36685
36799
74283
36851
44434
70958
55847
28567
76499
16376
80822
61092
47454
85342
5689
33531
8098
53749
4710
61294
61730
75574
29584
41687
31773
8185
630
94142
64067
15031
94355
17646
88762
36914
58533
19281
439
959
30714
15770
74744
35391
74594
7294
68079
36415
1782
56849
42742
25816
72611
31813
6198
34928
64820
7487
93993
73150
25912
98731
81239
71712
1035
31199
33090
13647
1949
44784
97476
5432
42930
33579
93173
99381
91379
90139
44543
94838
22221
14175
60024
60078
83183
59951
41705
15044
16517
74153
87577
66411
45414
7116
79311
91206
98032
45377
29726
90240
9958
6605
50934
96089
64454
97116
1036
59506
74322
68108
75253
97245
65957
20303
516
37580
61017
25689
55246
54815
90760
28909
71412
59516
79514
74401
3454
73672
91148
7230
33557
74602
52975
14866
9924
20099
4937
70505
17414
75208
51216
38523
58621
98388
39948
9940
68350
10997
66716
49093
55615
88522
32476
45146
72772
18325
5872
94246
38653
46123
99577
15321
37315
29587
45747
78860
14567
95728
60746
34399
26063
67254
7183
6326
46020
8497
99306
50064
81278
64215
40128
82867
72084
82180
76741
14099
9804
90195
24594
4413
48252
48497
14454
75907
8489
5975
32266
38171
31851
71494
13540
81470
91195
8405
9042
583
59411
30628
65804
67231
59228
14459
80914
15847
91039
50300
17719
87757
19201
85553
46825
60347
30407
22836
46803
55322
56560
14249
14005
37104
48464
46795
58407
36075
29158
75118
39476
69681
55114
32187
40576
23531
40018
68698
75183
50760
75580
81704
69176
28587
3438
31635
69360
74226
97329
13906
22583
32752
24647
87953
940
92256
39786
35106
953
25175
46934
72925
6777
40083
47062
60092
43897
50138
51118
57782
88769
89472
76852
28025
16548
94502
59170
6532
91468
57892
66453
95286
13231
20935
37623
87089
74104
1504
42972
28135
49893
6642
50760
42521
98278
72301
46971
81751
89242
67149
40359
54866
92003
32629
34839
44662
43036
60578
99820
18732
32411
40494
6520
87499
38275
20244
4116
12687
48619
54645
60736
81899
20935
76365
9397
35646
69302
26491
30900
3439
93214
92675
62115
80906
88831
61852
78475
96286
30775
29723
88136
71866
70615
40807
68514
87625