871
25659
52112
48531
80636
77184
31200
80222
42880
81166
17355
26543
64360
52366
98658
94442
18534
4959
59298
95911
50606
5785
8043
8217
59503
62768
43446
13732
64215
45324
71087
38257
22804
73055
6086
27062
18015
62150
56867
97876
54712
13354
11363
6548
62113
44777
17693
32827
47289
22251
16622
98772
91523
43073
33476
85215
17110
62077
22230
20823
94511
47334
67642
45995
89995
38462
98887
59566
21704
8016
5145
9425
23909
73525
29699
34704
23264
91462
82236
84498
78855
77310
66522
37033
45233
36276
274
83768
74550
28911
69941
98404
25856
2792
18166
59336
98678
26228
89331
78035
21584
31740
40110
28657
44048
26570
43035
5413
95943
19753
73568
82914
15659
11665
68770
21077
80009
36363
84864
68837
5297
15761
13962
3846
66461
87786
59833
94284
1305
13065
87420
96629
41502
74755
4582
21251
53770
37100
44200
67629
66868
25256
7373
92783
21175
14717
19672
99637
97823
40405
97700
62378
12483
63826
44616
58824
4149
47398
52105
40826
17456
44275
81764
97267
30689
2819
88141
93605
4476
13779
4862
54373
57726
30749
87771
99579
91047
72411
47038
91982
41218
3276
71116
83782
99833
97551
20948
27188
72415
62870
433
96564
40336
51893
13593
74257
14950
78432
48938
9567
71219
53706
85291
38448
23763
31668
10050
48638
16705
57693
87266
21034
17832
83424
90841
5003
30060
91457
40372
42438
55336
30984
8093
87535
21816
27816
21741
65510
15747
70067
20901
67576
94436
78664
75536
17001
96113
17133
14979
39027
43572
46608
82256
10566
89053
12752
97918
40561
26914
14172
31302
89956
70459
58349
81622
21506
87096
5729
91447
47622
7562
37872
56034
39182
96323
22151
74689
77843
98176
47671
68606
59306
375
36930
72343
18905
65699
78700
52104
77483
62319
21972
55715
18948
86998
40619
46046
28732
49067
74084
99920
51676
35191
61199
42012
78582
25327
29838
88978
50496
31322
42474
74801
21957
16294
95019
74816
76957
24065
61599
70457
91526
43464
82287
24622
46050
16516
72732
41850
82349
23749
27071
93460
94109
4481
9573
93419
56853
49205
4752
7305
5525
11383
86292
19087
88444
87988
48359
70511
12829
63395
82901
23926
26939
83625
67789
30707
33876
45271
31146
30501
20390
23913
88245
23389
64913
10537
44836
28656
51487
37773
24683
98395
67175
72636
87051
74761
58599
44269
6758
1486
68848
79489
58815
36653
5965
91651
30761
78781
45729
12064
66971
69398
46683
49480
8092
8092
26072
53240
66070
23910
43827
80971
55690
43740
519
44026
4786
26765
34481
4888
79538
45514
80425
99827
77551
28144
57702
28025
767
41771
80979
89907
72066
93337
39197
95587
55467
63295
26048
89740
8591
35410
21590
69537
94746
54066
70585
77903
99518
20911
74286
22479
6933
84969
54073
84930
4702
62482
6757
20727
97251
73038
71685
29822
74368
38607
97615
59297
41685
8851
79107
40019
16117
51832
30825
32773
21493
71863
90217
8093
90999
23921
37962
51302
52860
34382
57133
74700
28144
19368
72137
70191
40673
68157
10406
8852
42287
31480
80729
59661
40877
35206
76421
79402
50443
90572
89610
4383
65216
75508
80384
73978
38921
17486
97938
18234
48642
68351
33697
54610
42485
70586
76927
43570
19651
66921
15655
19097
54269
33835
74813
23051
34899
27016
92187
73962
17595
44656
66338
65852
97903
50496
24467
91015
28601
91174
70769
35575
59674
1745
10945
7612
2544
10496
79700
31406
26092
48799
50350
72043
74865
24146
58213
78956
66522
99198
12645
63958
91355
61098
98029
99325
14437
10891
35841
49014
5139
49034
47913
74300
9858
65510
88581
95687
3726
34125
43266
86810
36034
1458
52234
82236
88147
80109
56336
93596
71041
19832
80739
86778
8963
88311
93152
63515
7154
90840
30786
40417
57993
19062
11895
72677
6569
3432
915
78564
68863
68227
45510
58371
52407
70299
73479
39993
80910
21171
93122
86982
37688
57805
71571
71614
77666
68045
87479
9068
19047
90901
50743
94009
4284
37975
91565
32261
88438
59015
92796
50505
81762
25121
49452
89295
87537
36887
14799
48565
93091
56246
80188
73544
62428
27949
51171
56084
99851
24257
88898
71771
55680
88955
99700
67835
85383
23566
24047
32898
66301
8704
52734
94609
52417
63974
8900
43092
8584
41497
17591
47401
26669
47029
32261
37542
4831
57797
15800
78752
10430
61511
32995
26156
15453
10676
29463
46146
58766
32743
24328
64197
40670
3086
44811
88512
94066
65228
8224
95381
76871
53974
12213
63327
62466
57709
90993
72020
62109
27739
45070
44675
52386
80448
73253
92418
89692
31430
82651
66383
44891
28159
5435
98153
53786
6719
60528
28774
63293
20165
97896
24587
66656
23135
10352
54361
35799
73256
47847
29003
91831
12599
98802
50026
84
65549
4158
22589
22205
36006
23623
13724
27327
40567
96246
32725
61941
3628
96903
51535
57633
69542
22029
44387
57136
76473
37499
21409
42488
14688
90888
96355
29495
30002
29141
11957
64655
12671
82963
79934
35480
28632
55753
57047
2314
2585
58777
74803
26609
38666
2145
45631
63004
42788
65902
90293
1198
77258
42830
93375
39784
58434
23239
11294
16266
55548
15558
95740
41429
34218
49154
11206
75941
94152
80789
32841
66244
44547
54940
16323
12829
10981
66907
32844
76883
61433
17947
5637
66000
60009
10063
84983
21403
6135
17747
88324
88867
27555
90812
19136
97197
69663
10917
23532
15463
36767
79974
74563
45677
10079
79312
79489
88411
34525
59005
95188
70588
15395
73814
70939
53603
27391
12936
99144
15959
26598
73870
32479
95520
93864
70803
2166
76110
54360
75105