915
65808
24616
52717
13697
20021
35866
38833
29187
38474
2124
51278
47565
66838
97061
46423
85427
57616
17643
19355
96960
3723
232
50979
48247
81283
88324
8955
82368
84899
9467
71144
97510
40320
86253
28349
50087
40260
35040
97241
64846
69904
33125
88804
65828
58806
85934
52726
10972
7779
19502
13932
99381
66465
4883
98651
8655
38212
47902
89368
83513
52909
59820
37503
20477
48880
53885
71235
73220
22051
57883
35036
95436
10515
32798
80664
88831
84488
15863
3912
4164
42588
35109
53466
4583
53211
77661
60780
76753
71311
53267
66258
11912
29921
91307
6285
57857
16743
15936
45548
23261
62996
93505
70287
24566
67303
91463
91401
38287
21161
11829
45890
41907
63184
49284
9778
21284
73761
57737
23032
1660
5268
50927
52032
71346
82223
5108
44794
71706
13116
73288
74444
44883
83045
78765
11452
86151
99499
52665
86409
46777
63053
39759
31756
97978
74594
39881
33907
59901
79046
40926
59299
69144
28652
84324
81415
44905
4751
90157
66132
85258
58655
44109
33462
88407
43943
17011
86621
6738
31156
13689
30212
46707
66526
10348
3838
80254
70283
26164
42237
12814
20386
423
54700
8433
93966
49585
10662
60141
28832
37055
90580
56445
14634
62408
49799
64425
56519
98724
83499
49919
73623
88741
54953
29533
58317
68135
54880
58422
28407
61720
26577
32608
69416
42001
55031
2191
71544
27515
31430
8387
50446
20763
98713
43684
7585
84407
85127
9581
61958
52674
8032
1860
21776
29338
53403
24066
99137
52509
94973
92004
23341
34846
3614
30398
33497
94111
77112
89351
70430
8061
43128
80447
68258
11533
69053
19823
6710
30586
72500
6586
46359
61882
74435
41299
92158
55949
36995
34373
56296
19126
58621
12907
88643
80559
19940
83312
67738
97055
42297
13133
71634
68705
96487
53325
15554
8090
42010
91752
69235
50117
85143
62959
49314
92038
60643
96010
47073
68015
84636
96080
69830
30654
80794
11343
36675
66991
43245
33850
48073
42301
85641
71517
75575
69011
42075
85372
14128
92636
31271
47740
92516
74911
57708
46812
1391
49616
37520
47285
40550
17582
48748
84794
15287
9778
97261
82512
34494
18807
48841
58463
73073
36559
55037
88352
95202
83127
5436
48541
64316
55744
4697
45098
89511
99222
63941
16042
55356
33145
2373
64074
25071
70783
22172
46236
35658
50531
46712
7207
30064
34261
30430
95649
3657
41463
41534
34680
21713
55401
64085
23318
58176
39922
55855
6381
16840
96743
20758
70422
64007
29962
30252
4279
24649
92274
65715
50102
68641
13882
33908
41429
8908
57078
85154
55978
38181
31397
15373
51868
59165
47165
1066
97413
30045
17181
73320
82340
45201
58855
65371
83150
8455
55051
59527
26109
89847
38198
26230
6058
98450
51263
69194
3231
4481
21635
83914
35054
58804
39557
25173
85525
47839
28030
23199
1063
17248
56352
38038
41951
86400
77678
4585
27837
23413
32119
48388
61684
12298
43567
10880
66323
14285
1284
58872
11706
67782
84149
79853
68252
44721
80298
33306
31780
4272
93324
33016
49678
25177
67591
13421
13125
37936
3717
95228
39643
72649
36747
12819
54153
72427
37
24730
8596
40789
71545
67795
30877
94457
88472
49517
41073
204
38223
582
23995
75132
31787
41919
74717
16816
69667
88593
46950
38908
91149
2119
50875
11915
80063
26073
20496
80370
97440
47296
79419
47100
11835
56490
88836
48161
90288
58931
97663
28834
51218
65346
84387
67518
96019
69233
79803
48461
13267
97759
3590
99361
56387
21145
25128
19727
6534
80986
86465
46654
6757
79422
9785
84326
38495
1461
27963
81195
73105
83970
76518
52075
4042
84241
47649
30772
37440
46725
49641
13160
87612
64188
68775
96117
85055
92176
86852
72222
69482
79994
11259
95855
78134
78771
21535
14167
10915
35070
55727
76533
48672
70646
14700
5789
81474
67476
52579
5055
59425
81885
11943
17030
95318
94632
871
27618
17213
72250
55273
93655
46442
63665
10687
71250
3354
14775
24736
47183
81486
58285
1713
54776
957
88579
69174
43315
74709
89406
60229
92393
30770
65531
52142
36408
60862
94216
72514
29276
39119
76818
48545
61492
17359
28187
16542
35417
14030
73631
55327
93854
49335
94854
36260
50237
56459
66576
29055
34128
70351
41828
98155
98424
86783
43358
90198
40383
32831
33508
35075
95776
21652
66687
97714
42778
16746
48998
25541
80688
99845
35
87327
77768
85845
20925
51073
98145
7370
97043
37131
19950
39754
85614
54124
49039
27353
28578
60720
80816
58861
37893
91001
52522
56310
88888
38308
1428
29485
74874
9949
70913
53258
36293
62814
11130
11996
30836
49405
35899
64515
51628
48622
22386
51694
63354
68740
33099
65726
22520
31330
79988
34512
46552
30080
14957
35414
8086
88016
19874
9769
77190
86159
80479
6981
98849
77849
11495
97303
15535
13366
16137
60715
5566
50974
13184
93466
4271
44989
4258
70737
66543
22217
39546
71039
84276
60417
35283
27268
12117
27316
6141
66543
30499
14189
78082
47436
84839
8571
19994
53266
50991
57429
85872
87990
84257
31383
2128
75827
68996
94308
25769
3801
892
59642
39397
94165
46688
62133
60741
78886
39067
60995
39725
59911
55976
55886
3188
59412
76656
37409
84226
11823
53486
75323
68816
2518
93140
35779
32279
52205
98200
72072
20213
17159
38126
6902
73949
95563
10927
70788
81057
77883
96696
49502
9095
4095
78808
2980
79808
44804
55241
4916
55817
93601
51017
74766
3627
70463
84128
63891
88135
11514
96085
51336
71396
85858
40040
38004
15525
39297
76077
77533
14442
97158
41460
96992
49397
50787
68824
23237
87026
19849
22912
67051
91878
40305
15245
702
40801
50793
42799
27226
43251
43014
604
40883
58689
18698
68915
5835
55197
41399
1013
17956
8363
6756
34157
51622
70097
50716
76033
68747
69445
5612
95566
88319
54661
39342
10350
48605
36248
84396
15585