868
0
74375
0
21279
0
92129
0
60123
0
1246
0
47536
0
36247
0
9796
0
31413
0
54583
0
91866
0
8234
0
89615
0
45342
0
87627
0
78310
0
94444
0
85531
0
69742
0
99458
0
24595
0
31404
0
68197
0
99498
0
10853
0
32283
0
96502
0
84020
0
93717
0
3642
0
73154
0
34758
0
86030
0
81576
0
87011
0
42641
0
3412
0
20393
0
442
0
47149
0
73956
0
81206
0
31881
0
20259
0
3545
0
19789
0
82051
0
18585
0
64752
0
97516
0
85368
0
97210
0
28166
0
1608
0
88883
0
36532
0
30054
0
25879
0
98678
0
60999
0
17935
0
64715
0
74225
0
25358
0
4415
0
20797
0
98248
0
95903
0
76456
0
90874
0
7165
0
1348
0
74376
0
53586
0
37593
0
7600
0
81860
0
77801
0
34125
0
60128
0
12937
0
9868
0
32971
0
18605
0
94229
0
91055
0
49192
0
32029
0
23678
0
82849
0
25091
0
51293
0
66178
0
41395
0
662
0
32928
0
96788
0
98864
0
65031
0
62045
0
83860
0
42059
0
96200
0
21766
0
38707
0
12863
0
90676
0
23973
0
2741
0
97701
0
49837
0
76956
0
60071
0
46964
0
42610
0
33771
0
30387
0
87198
0
60988
0
19061
0
64109
0
71675
0
57651
0
68035
0
93792
0
12396
0
73694
0
35833
0
73013
0
42034
0
79162
0
6163
0
39996
0
98064
0
61045
0
44888
0
63975
0
61942
0
96018
0
2186
0
37462
0
12707
0
2286
0
84617
0
89935
0
93406
0
96936
0
46942
0
99804
0
76633
0
1882
0
87589
0
37292
0
13994
0
7771
0
71065
0
37848
0
444
0
73683
0
62682
0
42030
0
89013
0
41980
0
67293
0
60428
0
41134
0
23213
0
1261
0
27175
0
69385
0
91390
0
55740
0
98654
0
81925
0
93523
0
49518
0
40230
0
86327
0
96552
0
54345
0
75171
0
94789
0
93447
0
11686
0
12470
0
43368
0
78557
0
4776
0
26993
0
66270
0
55616
0
75014
0
27838
0
79895
0
74899
0
96178
0
42176
0
75248
0
97455
0
35980
0
45203
0
38126
0
9151
0
23101
0
42657
0
6734
0
44355
0
50503
0
22177
0
56015
0
10458
0
77784
0
97461
0
34412
0
17803
0
83300
0
100000
0
77526
0
37944
0
44289
0
27180
0
22680
0
56878
0
2737
0
99123
0
28920
0
63544
0
83601
0
89
0
21019
0
18061
0
57141
0
17543
0
39878
0
62745
0
67505
0
46439
0
36205
0
25366
0
66260
0
8825
0
52180
0
33190
0
16806
0
70073
0
91236
0
70952
0
58014
0
23678
0
86743
0
24224
0
41024
0
80583
0
8797
0
63250
0
62266
0
39918
0
70709
0
23591
0
63396
0
78062
0
97169
0
41598
0
91771
0
36351
0
66880
0
53012
0
674
0
65579
0
59917
0
24444
0
69384
0
44887
0
92275
0
36080
0
30989
0
15154
0
50015
0
83453
0
86468
0
36188
0
53872
0
56481
0
31188
0
93963
0
71830
0
40327
0
32377
0
21162
0
88913
0
84411
0
52624
0
14112
0
60175
0
70343
0
8201
0
60262
0
73501
0
98850
0
73466
0
68594
0
57059
0
8377
0
5622
0
66483
0
69723
0
20673
0
35240
0
90838
0
31554
0
77265
0
97780
0
76351
0
85865
0
83713
0
33854
0
72185
0
64617
0
56630
0
44219
0
27316
0
20641
0
45097
0
61850
0
9325
0
4101
0
335
0
71747
0
23424
0
75814
0
1696
0
97231
0
37636
0
1128
0
40206
0
4761
0
51532
0
12891
0
36457
0
30690
0
21309
0
87824
0
92553
0
52779
0
11432
0
15715
0
29507
0
66189
0
17798
0
25302
0
94119
0
88009
0
77897
0
58265
0
76273
0
27940
0
89430
0
45574
0
57839
0
15770
0
43119
0
68385
0
96670
0
30801
0
83443
0
48137
0
44008
0
22606
0
74064
0
96043
0
13969
0
11024
0
84638
0
62397
0
50895
0
29696
0
59821
0
85742
0
33383
0
61724
0
40797
0
88832
0
22928
0
30361
0
19873
0
64593
0
74615
0
36585
0
21977
0
9164
0
13471
0
4397
0
26876
0
79460
0
55267
0
25998
0
67334
0
28613
0
25311
0
15059
0
34526
0
39762
0
84303
0
20715
0
77567
0
95303
0
41539
0
9989
0
30278
0
11336
0
18130
0
21877
0
11509
0
96967
0
69457
0
68178
0
74144
0
1973
0
86518
0
47566
0
38288
0
39931
0
99679
0
81365
0
25221
0
31653
0
88575
0
4837
0
123
0
61954
0
65766
0
45443
0
66495
0
31566