233
0
50547
0
448
0
51735
0
64520
0
82169
0
59366
0
56988
0
67336
0
77234
0
41096
0
61507
0
95808
0
23943
0
92
0
6080
0
57293
0
45661
0
85527
0
17703
0
73306
0
50957
0
27484
0
16076
0
66895
0
304
0
7630
0
82194
0
55780
0
31163
0
34440
0
4826
0
67335
0
68838
0
10819
0
98008
0
87103
0
68698
0
8395
0
94574
0
55784
0
86829
0
38155
0
81098
0
84831
0
11589
0
61639
0
43216
0
30532
0
73450
0
31848
0
37522
0
85789
0
11227
0
12068
0
7514
0
28956
0
16660
0
67513
100000
0
99592
0
60116
0
54257
0
56782
0
61128
0
35531
0
58784
0
29073
0
72028
0
34309
0
96882
0
27007
0
65177
0
39987
0
23332
0
42943
0
38990
0
50376
0
22536
0
86536
0
7020
0
9367
0
15248
0
26196
0
43988
0
42873
0
24804
0
55849
0
68615
0
64194
0
41673
0
19499
0
49694
0
5998
0
3314
0
39184
0
18326
0
68422
0
32334
0
19292
0
69101
0
41773
0
34530
0
13364
0
31331
0
56385
0
86999
0
11806
0
49422
0
49683
0
10434
0
69523
0
42997
0
72884
0
61414
0
60394
0
57577
0
76815