594
0
35124
0
11230
0
59509
0
49707
0
60884
0
27150
0
9449
0
40786
0
81245
0
14372
0
89935
0
65109
0
39910
0
25722
0
39091
0
11171
0
42421
0
72080
0
68405
0
44921
0
66043
0
24911
0
85126
0
85378
0
18382
0
86302
0
44373
0
2548
0
21967
0
53558
0
1506
0
79751
0
81148
0
95222
0
34155
0
59216
0
95332
0
26131
0
35116
0
50081
0
50084
0
8539
0
70169
0
38338
0
46578
0
53756
0
80333
0
27343
0
19990
0
47196
0
36438
0
81941
0
218
0
58696
0
3757
0
58931
0
71236
0
97731
0
95877
0
17129
0
39649
0
46918
0
75808
0
66962
0
44246
0
66421
0
97064
0
63888
0
27728
0
42438
0
66283
0
29913
0
54579
0
63970
0
14242
0
40928
0
46773
0
5705
0
65633
0
45743
0
52052
0
53886
0
30897
0
22755
0
1812
0
86734
0
97878
0
16888
0
30847
0
30318
0
68897
0
57871
0
2828
0
80735
0
80897
0
28330
0
81608
0
94407
0
18094
0
42830
0
16823
0
56097
0
16089
0
72018
0
80818
0
81647
0
54543
0
25325
0
31998
0
10352
0
48515
0
9069
0
26318
0
39325
0
15726
0
40979
0
49018
0
34848
0
383
0
95295
0
85439
0
23945
0
22636
0
14414
0
59377
0
81726
0
76740
0
49266
0
38732
0
45900
0
27449
0
23169
0
48780
0
82159
0
62059
0
66499
0
54923
0
3283
0
47879
0
51183
0
59647
0
53904
0
72356
0
48327
0
24709
0
36040
0
51137
0
3531
100000
0
40563
0
51481
0
22785
0
2516
0
90083
0
64437
0
39082
0
95135
0
57249
0
79699
0
23624
0
77684
0
22624
0
61378
0
16500
0
22290
0
37729
0
3520
0
38022
0
99924
0
88791
0
85805
0
77015
0
69674
0
8130
0
86729
0
79197
0
17683
0
43722
0
6831
0
55222
0
32704
0
45450
0
27472
0
90299
0
82532
0
38542
0
70054
0
33770
0
14449
0
34640
0
28679
0
27799
0
52448
0
46820
0
60419
0
81578
0
29471
0
73524
0
88153
0
53828
0
91646
0
408
0
45993
0
50869
0
32429
0
7392
0
32883
0
87173
0
13592
0
80242
0
65177
0
32523
0
31267
0
44984
0
59733
0
94753
0
88645
0
13134
0
10509
0
80039
0
70354
0
93842
0
93023
0
2859
0
64415
0
78935
0
57518
0
8511
0
21292
0
38935
0
53366
0
56939
0
15186
0
23148
0
69416
0
70370
0
62903
0
706
0
94732
0
91918
0
32990
0
53591
0
47870
0
36418
0
81498
0
68677
0
1166
0
78441
0
77215
0
90420
0
77127
0
89756
0
69598
0
18339
0
58180
0
61464
0
20782
0
76727
0
38927
0
9518
0
49808
0
47270
0
35534
0
30853
0
44131
0
3837
0
18046
0
5584
0
64332
0
18035
0
49122
0
63411
0
95964
0
15086
0
54343
0
17331
0
65111
0
55162
0
69034
0
32555
0
10313
0
91309
0
15036
0
71351
0
84173
0
21990
0
64562
0
26210
0
36430
0
25009
0
2416
0
18439
0
51111
0
67772
0
61164
0
77094
0
22271
0