255
0
7687
0
88761
0
28929
0
79571
0
89832
0
22387
0
35907
0
39740
0
58
0
70619
0
9461
0
76239
0
86177
0
22456
0
14799
0
24654
0
96562
0
8997
0
23411
0
59862
0
85588
0
51331
0
14086
0
42051
0
5178
0
93898
0
28565
0
90393
0
95552
0
65608
0
24119
0
18512
0
10420
0
9644
0
78441
0
74988
0
2223
0
87671
0
87831
0
82916
0
60012
0
81973
0
67046
0
6546
0
78781
0
14267
0
82604
0
41184
0
23594
0
95622
0
8878
0
92724
0
58282
0
36674
0
94900
0
98914
0
70289
0
95440
0
35814
0
71096
0
99441
0
33007
0
14650
0
100000
0
32166
0
6528
0
76619
0
35264
0
10271
0
21481
0
9329
0
70502
0
4393
0
20144
0
80669
0
18356
0
7419
0
33424
0
58228
0
38420
0
92969
0
18267
0
11711
0
64886
0
94198
0
63048
0
3133
0
20194
0
10663
0
52378
0
98466
0
7633
0
98511
0
30832
0
14725
0
79585
0
81010
0
45856
0
52778
0
75066
0
11495
0
4517
0
44249
0
90889
0
28983
0
87514
0
3134
0
29668
0
84274
0
72991
0
97113
0
90016
0
97944
0
35077
0
56766
0
38371
0
77780
0
25737
0
7725
0
58428
0
47088
0
94693
0
51531
0
4242
0
5409
0
59911
0
99946
0