410
0
41161
0
86643
0
89391
0
42456
0
79925
0
1497
0
42240
0
66230
0
40392
0
16467
0
66730
0
78055
0
6284
0
47058
0
82102
0
8538
0
44105
0
95198
0
13174
0
10791
0
91621
0
62122
0
72258
0
7968
0
7118
0
75415
0
83071
0
51732
0
38608
0
57927
0
24367
0
81592
0
81770
0
24508
0
43959
0
3358
0
25673
0
28619
0
72894
0
46915
0
64618
0
5251
0
4507
0
73771
0
11784
0
66331
0
67866
0
15452
0
37360
0
75184
0
42102
0
63543
0
91362
0
40453
0
13367
0
79581
0
90228
0
75736
0
25572
0
33011
0
39288
0
23869
0
27140
0
38466
0
52979
0
9508
0
45567
0
78362
0
4905
0
89673
0
87145
0
8754
0
51341
0
34699
0
42615
0
99768
0
28689
0
25865
0
47335
0
33892
0
91339
0
32503
0
36830
0
21178
0
87821
0
25427
0
30676
0
72337
0
24948
0
70953
0
26350
0
90805
0
78196
0
22357
0
15564
0
9675
0
39850
0
18570
0
15394
0
25410
0
13051
0
97438
100000
0
26538
0
47274
0
54600
0
29197
0
26295
0
941
0
43811
0
67698
0
19390
0
7701
0
12097
0
29629
0
69731
0
28831
0
27170
0
7088
0
6363
0
67155
0
32616
0
67145
0
6760
0
52902
0
68308
0
69559
0
99532
0
1314
0
82712
0
79632
0
23383
0
17705
0
82866
0
46557
0
15162
0
2189
0
24866
0
32458
0
72108
0
98842
0
68394
0
75634
0
98413
0
91081
0
92464
0
26044
0
10954
0
19108
0
79203
0
6587
0
54569
0
14256
0
81746
0
62329
0
22726
0
46348
0
78258
0
57241
0
61923
0
72501
0
34398
0
60618
0
52507
0
59756
0
57704
0
10595
0
54443
0
14054
0
98306
0
1409
0
84014
0
14397
0
82673
0
539
0
96024
0
38014
0
87373
0
32929
0
65848
0
69299
0
25824
0
23559
0
30103
0
73791
0
63585
0
93303
0
18034
0
61093
0
15021
0
8043
0
60967
0
63422
0
40447
0
74657
0
54577
0
54378
0
24634
0
7652
0
10489
0
60063
0
20098
0
98529
0
65356
0
3319
0