688
0
1429
0
55854
0
36947
0
67580
0
17385
0
21356
0
39442
0
61690
0
53520
0
48350
0
1565
0
25870
0
6467
0
77259
0
14020
0
12160
0
75738
0
17572
0
59549
0
11231
0
4956
0
21353
0
9978
0
82063
0
13588
0
24015
0
49128
0
88025
0
88846
0
34654
0
86491
0
24412
0
67603
0
25698
0
74549
0
48893
0
45585
0
16106
0
96771
0
86802
0
7214
0
31944
0
84519
0
576
0
6419
0
14791
0
58924
0
54042
0
52591
0
82599
0
14712
0
67413
0
90014
0
40968
0
57618
0
2287
0
30924
0
68091
0
27197
0
1164
0
28128
0
3789
0
14052
0
93268
0
98551
0
90397
0
97176
0
48518
0
79630
0
33566
0
13490
0
48679
0
88756
0
67422
0
8088
0
63539
0
41189
0
72674
0
10447
0
9228
0
49355
0
35100
0
5801
0
12922
0
48996
0
10711
0
83303
0
90736
0
357
0
54125
0
51676
0
76972
0
79249
0
28976
0
93014
0
92354
0
12489
0
57268
0
57126
0
17771
0
59882
0
95966
0
52789
0
46545
0
62200
0
83440
0
98374
0
82294
0
47417
0
15323
0
90688
0
14775
0
63840
0
20194
0
21252
0
6256
0
67423
0
77636
0
10840
0
77853
0
83712
0
12565
0
97569
0
24373
0
17755
0
25420
0
6606
0
42728
0
87440
0
17787
0
9693
0
84597
0
82655
0
74940
0
99095
0
88046
0
64996
0
39817
0
96876
0
31605
0
16562
0
89249
0
34917
0
76663
0
85837
0
31784
0
81782
0
62558
0
6644
0
25068
0
31872
0
18108
0
87221
0
12993
0
44319
0
21876
0
4265
0
93820
0
49696
0
35878
0
89610
0
99056
0
93737
0
43467
0
96631
0
48680
0
18262
0
44446
0
75269
0
41298
0
28975
0
100000
0
48034
0
66061
0
69388
0
57799
0
17224
0
1901
0
295
0
82211
0
82276
0
51822
0
72998
0
31368
0
57407
0
66739
0
74932
0
4713
0
73002
0
8153
0
84794
0
52127
0
20807
0
87743
0
94881
0
76910
0
68738
0
15595
0
61080
0
4083
0
71309
0
62293
0
40164
0
80026
0
78164
0
63470
0
6115
0
75785
0
75150
0
64606
0
95443
0
42927
0
6651
0
17629
0
50710
0
80960
0
54863
0
68462
0
98772
0
70593
0
20508
0
73820
0
92055
0
77013
0
63788
0
92813
0
65912
0
42700
0
98360
0
36409
0
45880
0
99027
0
30755
0
82952
0
89306
0
19089
0
66414
0
98706
0
91374
0
89720
0
48421
0
69909
0
17631
0
82975
0
17814
0
91617
0
33804
0
66660
0
99266
0
86579
0
18757
0
76336
0
57121
0
22837
0
84675
0
60808
0
7044
0
26751
0
28576
0
65988
0
22809
0
6628
0
73744
0
82816
0
39828
0
85116
0
98863
0
43656
0
72547
0
38237
0
43016
0
24727
0
38221
0
64600
0
91604
0
78559
0
73656
0
38867
0
2856
0
51860
0
47988
0
33123
0
22528
0
38778
0
50061
0
35766
0
1914
0
88122
0
51034
0
98366
0
71109
0
20897
0
36453
0
8968
0
74190
0
93836
0
82519
0
61987
0
51180
0
64905
0
15852
0
37406
0
49906
0
85398
0
33557
0
70221
0
9914
0
77040
0
86264
0
73255
0
32250
0
28809
0
93744
0
5648
0
47031
0
58736
0
39250
0
93978
0
57016
0
62804
0
86422
0
64871
0
53931
0
45472
0
15275
0
27847
0
44278
0
41323
0
85374
0
63604
0
10876
0
72659
0
86004
0
48856
0
20836
0
97897
0
10494
0
46677
0
45986
0
36960
0
34050
0
69080
0
9418
0
82810