628
0
75874
0
4793
0
57863
0
11053
0
90218
0
64293
0
21946
0
29022
0
16927
0
16618
0
18776
0
21621
0
95571
0
15407
0
87000
0
87731
0
3854
0
4337
0
82221
0
18723
0
48282
0
51143
0
62121
0
7334
0
47629
0
81730
0
94183
0
42437
0
96099
0
68495
0
62899
0
10371
0
79483
0
3358
0
99628
0
61963
0
74434
0
67040
0
61257
0
88733
0
4966
0
17437
0
32376
0
85232
0
54997
0
56604
0
84225
0
7242
0
35035
0
50689
0
16944
0
7028
0
34064
0
72594
0
88982
0
73332
0
58965
0
4258
0
25110
0
96271
0
58848
0
74151
0
26024
0
72900
0
26194
0
2862
0
80494
0
60511
0
85277
0
72289
0
21918
0
65763
0
76580
0
6442
0
18291
0
89448
0
53417
0
70354
0
13764
0
62104
0
58220
0
75864
0
78508
0
74122
0
48336
0
35829
0
29784
0
15397
0
52098
0
53948
0
65302
0
50117
0
54069
0
53124
0
59884
0
36235
0
70491
0
15862
0
43359
0
69897
0
28826
0
15405
0
83091
0
60235
0
31933
0
80341
0
33507
0
11962
0
44621
0
33400
0
11705
0
86417
0
96602
0
73591
0
52855
0
1559
0
21857
0
28642
0
14255
0
51185
0
82611
0
94323
0
78351
0
61485
0
27639
0
59820
0
75684
0
70972
0
73645
0
85640
0
25537
0
40310
0
79950
0
83833
0
78655
0
36532
0
53773
0
64839
0
24876
0
87956
0
3927
0
83198
0
16597
0
11396
0
2240
0
11496
0
39340
0
23016
0
41888
0
4454
0
16426
0
73557
0
17579
0
38454
0
56673
0
91476
0
100000
0
65898
0
82682
0
89340
0
94766
0
31008
0
16856
0
89218
0
97206
0
46380
0
37133
0
67897
0
34027
0
9836
0
48407
0
75426
0
2683
0
8384
0
98477
0
32658
0
95843
0
6434
0
98933
0
39942
0
4107
0
66105
0
95344
0
90103
0
32783
0
20782
0
77516
0
59842
0
47226
0
32595
0
86884
0
82673
0
2762
0
67669
0
2271
0
68229
0
63189
0
4308
0
95250
0
94242
0
94247
0
65395
0
41410
0
68418
0
89542
0
52614
0
10462
0
43901
0
50474
0
48096
0
20417
0
53111
0
39096
0
46097
0
17972
0
37719
0
25161
0
86757
0
33317
0
17599
0
57784
0
82381
0
31294
0
53598
0
33087
0
22561
0
50515
0
85405
0
39210
0
37579
0
99562
0
80144
0
60234
0
16107
0
40009
0
67531
0
78922
0
58395
0
13900
0
66105
0
9448
0
54922
0
35474
0
16021
0
90934
0
78306
0
36001
0
3647
0
1550
0
54373
0
25027
0
71779
0
57351
0
88751
0
60136
0
84909
0
20351
0
18128
0
71248
0
59541
0
6850
0
78984
0
4049
0
93486
0
88747
0
98982
0
55838
0
97161
0
42439
0
78302
0
78027
0
16788
0
70648
0
55843
0
14652
0
71360
0
2229
0
46206
0
90266
0
80291
0
12711
0
31749
0
2734
0
68695
0
42126
0
15883
0
14814
0
2518
0
59346
0
26583
0
63733
0
20689
0
1837
0
82237
0
83813
0
62003
0
41654
0
78536
0
21470
0
57195
0
73335
0
35911
0
25542
0
50429
0
21090
0
77207
0
34599
0
32195
0
62320
0
34849
0
84979
0
36814
0
14572
0
95548